-103.572202   18.704940
-103.248198   18.704940
-102.924195   18.704940
-102.600191   18.704940
-102.276188   18.704940
-101.952184   18.704940
-101.628181   18.704940
-101.304177   18.704940
-100.980173   18.704940
-100.656170   18.704940
-100.332166   18.704940
-100.008163   18.704940
 -99.684159   18.704940
 -99.360156   18.704940
 -99.036152   18.704940
 -98.712148   18.704940
 -98.388145   18.704940
 -98.064141   18.704940
 -97.740138   18.704940
 -97.416134   18.704940
 -97.092131   18.704940
 -96.768127   18.704940
 -96.444124   18.704940
-104.382211   19.095025
-104.058207   19.095025
-103.734204   19.095025
-103.410200   19.095025
-103.086197   19.095025
-102.762193   19.095025
-102.438189   19.095025
-102.114186   19.095025
-101.790182   19.095025
-101.466179   19.095025
-101.142175   19.095025
-100.818172   19.095025
-100.494168   19.095025
-100.170164   19.095025
 -99.846161   19.095025
 -99.522157   19.095025
 -99.198154   19.095025
 -98.874150   19.095025
 -98.550147   19.095025
 -98.226143   19.095025
 -97.902140   19.095025
 -97.578136   19.095025
 -97.254132   19.095025
 -96.930129   19.095025
 -96.606125   19.095025
 -96.282122   19.095025
-104.868216   19.485109
-104.544213   19.485109
-104.220209   19.485109
-103.896205   19.485109
-103.572202   19.485109
-103.248198   19.485109
-102.924195   19.485109
-102.600191   19.485109
-102.276188   19.485109
-101.952184   19.485109
-101.628181   19.485109
-101.304177   19.485109
-100.980173   19.485109
-100.656170   19.485109
-100.332166   19.485109
-100.008163   19.485109
 -99.684159   19.485109
 -99.360156   19.485109
 -99.036152   19.485109
 -98.712148   19.485109
 -98.388145   19.485109
 -98.064141   19.485109
 -97.740138   19.485109
 -97.416134   19.485109
 -97.092131   19.485109
 -96.768127   19.485109
 -96.444124   19.485109
-105.030218   19.875193
-104.706214   19.875193
-104.382211   19.875193
-104.058207   19.875193
-103.734204   19.875193
-103.410200   19.875193
-103.086197   19.875193
-102.762193   19.875193
-102.438189   19.875193
-102.114186   19.875193
-101.790182   19.875193
-101.466179   19.875193
-101.142175   19.875193
-100.818172   19.875193
-100.494168   19.875193
-100.170164   19.875193
 -99.846161   19.875193
 -99.522157   19.875193
 -99.198154   19.875193
 -98.874150   19.875193
 -98.550147   19.875193
 -98.226143   19.875193
 -97.902140   19.875193
 -97.578136   19.875193
 -97.254132   19.875193
 -96.930129   19.875193
 -96.606125   19.875193
-105.516223   20.265278
-105.192220   20.265278
-104.868216   20.265278
-104.544213   20.265278
-104.220209   20.265278
-103.896205   20.265278
-103.572202   20.265278
-103.248198   20.265278
-102.924195   20.265278
-102.600191   20.265278
-102.276188   20.265278
-101.952184   20.265278
-101.628181   20.265278
-101.304177   20.265278
-100.980173   20.265278
-100.656170   20.265278
-100.332166   20.265278
-100.008163   20.265278
 -99.684159   20.265278
 -99.360156   20.265278
 -99.036152   20.265278
 -98.712148   20.265278
 -98.388145   20.265278
 -98.064141   20.265278
 -97.740138   20.265278
 -97.416134   20.265278
 -97.092131   20.265278
