  1  26
  1  27
  1   2
  2  27
  2  28
  2   3
  3  28
  3  29
  3   4
  4  29
  4  30
  4   5
  5  30
  5  31
  5   6
  6  31
  6  32
  6   7
  7  32
  7  33
  7   8
  8  33
  8  34
  8   9
  9  34
  9  35
  9  10
 10  35
 10  36
 10  11
 11  36
 11  37
 11  12
 12  37
 12  38
 12  13
 13  38
 13  39
 13  14
 14  39
 14  40
 14  15
 15  40
 15  41
 15  16
 16  41
 16  42
 16  17
 17  42
 17  43
 17  18
 18  43
 18  44
 18  19
 19  44
 19  45
 19  20
 20  45
 20  46
 20  21
 21  46
 21  47
 21  22
 22  47
 22  48
 22  23
 23  48
 23  49
 24  51
 24  52
 24  25
 25  52
 25  53
 25  26
 26  53
 26  54
 26  27
 27  54
 27  55
 27  28
 28  55
 28  56
 28  29
 29  56
 29  57
 29  30
 30  57
 30  58
 30  31
 31  58
 31  59
 31  32
 32  59
 32  60
 32  33
 33  60
 33  61
 33  34
 34  61
 34  62
 34  35
 35  62
 35  63
 35  36
 36  63
 36  64
 36  37
 37  64
 37  65
 37  38
 38  65
 38  66
 38  39
 39  66
 39  67
 39  40
 40  67
 40  68
 40  41
 41  68
 41  69
 41  42
 42  69
 42  70
 42  43
 43  70
 43  71
 43  44
 44  71
 44  72
 44  45
 45  72
 45  73
 45  46
 46  73
 46  74
 46  47
 47  74
 47  75
 47  48
 48  75
 48  76
 48  49
 49  76
 50  77
 50  78
 50  51
 51  78
 51  79
 51  52
 52  79
 52  80
 52  53
 53  80
 53  81
 53  54
 54  81
 54  82
 54  55
 55  82
 55  83
 55  56
 56  83
 56  84
 56  57
 57  84
 57  85
 57  58
 58  85
 58  86
 58  59
 59  86
 59  87
 59  60
 60  87
 60  88
 60  61
 61  88
 61  89
 61  62
 62  89
 62  90
 62  63
 63  90
 63  91
 63  64
 64  91
 64  92
 64  65
 65  92
 65  93
 65  66
 66  93
 66  94
 66  67
 67  94
 67  95
 67  68
 68  95
 68  96
 68  69
 69  96
 69  97
 69  70
 70  97
 70  98
 70  71
 71  98
 71  99
 71  72
 72  99
 72 100
 72  73
 73 100
 73 101
 73  74
 74 101
 74 102
 74  75
 75 102
 75 103
 75  76
 76 103
 77 105
 77 106
 77  78
 78 106
 78 107
 78  79
 79 107
 79 108
 79  80
 80 108
 80 109
 80  81
 81 109
 81 110
 81  82
 82 110
 82 111
 82  83
 83 111
 83 112
 83  84
 84 112
 84 113
 84  85
 85 113
 85 114
 85  86
 86 114
 86 115
 86  87
 87 115
 87 116
 87  88
 88 116
 88 117
 88  89
 89 117
 89 118
 89  90
 90 118
 90 119
 90  91
 91 119
 91 120
 91  92
 92 120
 92 121
 92  93
 93 121
 93 122
 93  94
 94 122
 94 123
 94  95
 95 123
 95 124
 95  96
 96 124
 96 125
 96  97
 97 125
 97 126
 97  98
 98 126
 98 127
 98  99
 99 127
 99 128
 99 100
100 128
100 129
100 101
101 129
101 130
101 102
102 130
102 103
104 105
105 106
106 107
107 108
108 109
109 110
110 111
111 112
112 113
113 114
114 115
115 116
116 117
117 118
118 119
119 120
120 121
121 122
122 123
123 124
124 125
125 126
126 127
127 128
128 129
129 130
