-103.209647   20.192279
-100.140997   18.915235
-102.049731   19.402142
 -96.386945   18.574398
 -97.200497   19.545458
 -98.473656   19.549576
 -96.678687   18.662854
-104.423236   20.141503
 -99.004185   19.286265
-101.165192   20.100017
-103.722914   19.069011
-104.204628   20.186071
-100.588659   19.381002
-105.213717   20.414352
-104.115242   20.594280
-102.799135   20.426100
 -99.145457   20.426845
-101.575605   19.931007
 -97.490042   20.066041
-103.486316   18.451624
 -97.983921   19.854229
 -99.257203   18.531680
-103.895939   20.036922
 -97.857140   19.383810
-104.210481   20.279704
-100.447289   19.789613
-103.937144   19.162395
-103.831607   20.285816
 -99.706432   19.900859
