1.054003 1.086163 1.059861 0.975088 0.827833 1.135005 1.212892 0.868289 1.000988 0.989810 1.230940 1.191266 0.958871 0.949332 0.953106 1.179837 0.944339 1.048459 1.160672 0.909205 0.982848 1.152798 1.021939 1.083770 0.871577 
1.030119 0.980695 1.029494 0.862777 1.117307 1.106208 1.249933 0.997967 1.066591 1.069085 0.959481 0.871245 0.924717 0.947654 0.906563 1.004986 
1.062747 1.104244 1.014013 1.240589 1.135255 0.822722 1.041376 0.806354 1.067889 0.971034 0.840517 1.117392 1.051700 0.950584 1.081345 0.961364 0.990973 
1.070971 1.068842 1.041516 1.089808 1.189515 0.952513 1.026788 0.828035 1.166902 0.959023 1.033651 
1.125294 1.106392 0.952556 1.208174 0.819407 0.913533 1.042221 1.136839 1.098707 1.077078 0.999585 1.181928 1.093328 1.033542 0.824767 1.257527 0.801111 1.121761 0.894107 1.159443 0.895822 0.932568 1.055874 0.950202 1.143724 0.995942 1.130961 1.082719 
1.198816 1.157680 1.092907 1.129197 1.225602 0.808713 1.089581 1.225360 1.236851 0.966078 0.928830 1.030294 0.829839 1.231497 1.069526 0.972284 
1.130095 1.177098 1.019664 1.212732 1.132426 1.215158 1.066781 1.137260 1.121284 1.024102 0.999185 0.860310 0.838832 0.996290 1.155904 1.241565 0.832678 1.017592 1.027020 0.811775 1.140420 1.052356 0.956744 
1.126143 1.221676 1.152347 1.214005 1.178507 1.067431 
0.819033 1.103334 0.976368 1.022887 1.073938 1.062022 1.112044 1.190653 1.029800 1.148455 1.238864 0.897153 1.168190 1.189286 1.227265 0.844872 0.806496 0.811359 1.154692 1.209484 0.873161 
1.048803 1.154941 0.804293 1.098585 0.988981 1.129086 0.905199 1.230492 1.004581 1.001568 1.049289 1.207507 0.949117 0.913627 1.070137 0.861620 
0.819715 1.173956 1.139309 0.973397 0.983731 1.114160 1.052800 1.092827 0.967236 1.061948 1.022821 1.091918 1.047014 
1.072755 1.067675 1.073234 1.060329 1.122109 0.817726 1.145285 1.069671 0.963753 0.868800 1.006844 0.961253 1.001095 0.831337 1.025600 0.986966 0.907415 0.920415 0.907073 0.801168 1.170511 1.151287 1.104995 
1.068604 1.120880 0.899225 1.070370 1.120901 1.111022 0.968445 0.814421 1.100138 1.038490 0.980586 1.120328 1.003525 0.865262 1.166788 1.194325 1.251201 0.979502 0.919243 1.036085 0.800568 0.993990 
0.816116 1.010371 0.947594 1.135171 1.111572 0.864594 1.039004 1.201853 0.936808 1.048175 1.088641 1.102840 0.811796 0.920555 1.169714 0.939194 0.804161 1.015457 0.934441 1.126871 
1.107589 1.013171 1.192943 1.109494 0.925797 0.997038 1.028697 1.065934 1.048113 1.016804 
1.026066 0.838679 0.986750 0.994627 0.958462 1.129454 0.993760 1.069912 0.955379 1.122140 1.170818 0.848983 1.071038 1.100368 
0.984583 1.207256 0.939112 0.948514 1.009010 0.988943 1.115364 0.808308 0.937307 
0.800588 1.037208 0.927871 0.887844 1.253295 1.058328 0.954080 0.978080 1.171780 0.885676 1.233504 0.973728 0.933926 0.996724 0.967001 1.228097 
1.195244 0.877887 0.921076 0.926094 0.865920 1.150766 0.950127 
1.018053 0.819133 1.157205 0.929522 0.945077 1.135408 0.886358 0.812311 1.194378 0.980421 1.123306 
0.924081 0.978348 1.122968 0.917652 0.853871 0.795140 1.217110 0.892697 1.093304 0.799697 0.937616 1.116399 0.863391 0.846916 0.805331 1.102745 1.124583 1.052795 0.974750 0.828379 1.243473 1.006716 
0.906851 1.049255 0.889472 0.837398 0.958390 1.189903 0.935172 0.963182 0.927832 1.189440 1.248743 1.216267 0.880358 0.839757 1.217931 0.864201 0.942161 0.996394 0.803490 
0.847209 1.205846 0.861309 1.256179 0.919212 0.942148 0.821474 0.865329 0.996661 0.817742 
1.154169 0.925999 0.854919 0.848045 1.230394 0.805451 0.809644 0.919443 0.903747 0.888451 1.022946 0.808054 0.807181 1.082864 0.821182 
0.887315 0.899663 0.906716 0.847585 0.849562 0.830727 0.976043 0.942864 0.812433 1.110676 0.841760 0.903243 1.229961 1.024887 0.852448 0.835178 1.076664 
0.874366 0.823258 0.965240 0.936818 1.081450 0.937936 
0.848704 0.877262 0.819778 0.928782 1.016524 1.091242 0.937652 0.900416 0.853205 0.922787 0.958039 0.830701 0.876465 
0.891372 0.835157 0.832263 0.894210 0.801527 1.067405 1.116395 0.943741 1.173792 0.893439 
0.964172 0.926502 0.913251 0.869366 0.915067 0.838750 0.962726 0.895908 1.050372 0.827395 1.137883 1.040829 0.901152 0.878758 1.226324 
0.896733 1.150156 0.932594 0.990581 0.850141 0.887435 1.223232 1.079903 0.850172 1.169346 0.963770 1.240413 1.087091 0.806963 0.848831 0.842694 0.855363 1.090820 0.824802 0.902301 1.224557 0.842415 1.245784 1.092736 0.863149 
0.865129 0.934567 0.854918 0.963452 0.803738 0.829722 0.901022 1.194698 1.069925 0.836424 0.927249 1.077269 0.891731 0.976786 0.918627 1.218847 
0.831409 0.807516 1.064258 0.876912 1.045408 0.971825 1.062855 0.961103 1.223040 1.151711 0.852724 0.854868 0.869792 
0.843839 0.919535 0.879961 0.916165 0.872145 0.835846 1.118970 1.022346 0.899366 1.087038 
1.137797 0.810083 1.012109 0.906461 0.930969 1.032665 0.980068 0.902226 0.927671 0.948777 1.066203 
0.923959 0.826076 0.859882 1.255737 0.834076 0.968869 0.836407 0.898720 0.861377 0.897669 0.887044 1.196829 1.055762 
0.876431 0.967712 1.196697 0.854850 1.088525 
1.010162 1.005990 1.096720 0.934071 0.862593 0.973403 0.843406 0.844231 0.887765 0.845069 0.903073 0.845408 0.857729 1.187774 0.809970 
1.162771 0.924093 0.920143 0.933915 0.953192 1.220381 0.863138 1.132409 1.253409 0.869565 0.890907 1.091095 
0.969418 1.008690 0.925842 1.210402 1.187870 0.819699 0.932861 0.896225 1.155644 1.063832 1.100770 
0.996461 0.921515 0.812279 0.822805 0.941197 1.031776 0.977035 1.023946 1.075064 0.880622 0.823954 1.082603 0.838370 1.099556 
1.162879 0.942837 0.910267 1.059898 0.891412 0.848747 1.156057 0.980849 0.874154 0.930630 1.085227 0.927397 0.988823 0.832603 0.863432 1.038841 0.995244 
1.123984 0.996102 0.942389 0.947746 0.855888 0.904961 1.224716 0.937561 0.962998 0.965562 0.893715 
0.853351 0.967769 0.917655 0.964519 1.210533 1.016723 0.983767 0.952147 1.103545 
0.985172 0.886010 0.833437 0.938226 0.989445 
1.051760 0.934425 0.901544 0.920194 1.000613 1.055824 0.828297 0.825715 1.149857 0.976092 0.847756 1.031509 0.883767 1.008045 1.018137 0.965078 0.928021 1.008746 1.065643 0.945189 1.242160 0.956626 1.031725 0.817380 
0.904443 0.947417 1.169038 
0.899118 0.871571 0.956476 1.160464 1.020905 1.250843 0.959309 0.941238 1.028254 
0.957797 1.154077 1.024775 1.174246 0.949991 1.083711 1.145156 0.884943 0.872643 0.906619 1.170085 0.903816 1.210652 1.019272 
1.196370 1.020362 0.941213 1.080561 1.011461 0.970680 1.021048 0.924075 1.214668 0.942921 0.955037 1.003177 0.810262 0.869001 1.033555 
0.869527 0.975896 0.985398 0.993128 1.091463 0.825376 1.032797 0.911471 1.056574 0.929698 1.029561 1.036664 1.029829 0.911380 0.999838 0.956347 0.995259 0.903400 1.122390 0.915355 0.830017 1.176698 1.111334 1.016128 0.901971 1.040871 0.976969 1.179641 1.001633 
1.093660 0.905204 0.823279 1.035615 1.175797 0.899495 0.958683 1.062293 1.011916 1.092685 1.133579 0.921705 1.090413 1.112720 1.021432 1.243902 1.135771 1.042283 0.809078 0.984090 0.916944 0.909520 1.159257 
1.092823 1.161787 0.854777 1.239718 1.126328 1.122660 1.204823 1.037508 
0.924228 1.203343 1.204566 1.257688 1.104846 0.924130 1.124084 1.143566 1.133026 1.195986 0.868218 0.809722 1.110586 1.011948 0.969368 
1.231426 1.215532 1.006610 1.246680 1.106464 1.240028 0.897623 0.929083 1.031415 1.031150 1.247094 1.173745 1.147290 0.993387 1.123495 0.840292 1.121265 0.916510 1.090348 0.946700 1.125428 
1.150301 1.187738 1.207586 1.172949 0.945837 1.191425 1.084991 1.196075 1.119989 0.933751 1.128597 0.930446 1.117433 1.242735 1.129273 0.900202 0.938452 1.158933 1.065068 0.931456 
1.037749 0.795415 0.969579 1.187400 1.111112 1.208068 0.802646 1.063017 1.015113 1.161335 1.183639 1.008368 1.142006 0.832777 1.211982 0.991449 
0.824621 1.099440 0.889516 0.820989 0.860643 1.172341 0.828512 1.133204 1.051189 1.007332 1.137923 1.129596 1.087668 1.196853 1.024620 1.189047 0.883412 1.065355 1.132356 0.906886 1.158262 1.164296 1.027336 0.946690 1.130001 0.920641 1.061807 0.897965 0.999285 1.222726 1.120108 1.146151 1.001282 0.958332 1.215748 1.139612 1.117142 1.252187 
0.796694 1.213238 0.820624 1.098002 1.178216 1.144522 0.837672 1.110892 0.897042 1.172056 1.196435 1.111925 1.131913 1.128004 
1.107793 1.211630 0.808469 1.133268 0.927835 0.874636 0.947306 1.059680 1.080550 0.888646 0.950286 0.932391 1.150402 0.948731 1.040303 1.010963 0.963454 1.061735 0.924140 0.869191 1.165838 
1.225338 1.242280 1.078814 1.162356 1.072294 0.957501 0.901073 1.136317 1.168598 0.891554 0.826504 0.806442 1.073606 
1.215235 1.141615 1.242489 1.227824 1.038067 0.958380 1.219327 1.182232 1.104721 1.168945 0.839870 
0.965498 1.182122 1.139899 1.085029 1.100866 0.908739 1.084090 
1.194482 1.152918 1.230729 0.925379 1.084282 1.180868 1.149095 1.182851 1.051452 1.046325 
0.861968 0.821313 1.160885 1.225727 0.843720 1.009751 1.184121 1.118163 1.193995 1.117053 1.070708 1.216945 0.799061 
1.009147 1.058894 1.164234 1.193702 1.093135 1.214335 0.826956 0.891025 0.952586 1.086899 1.193623 1.045546 1.065755 0.918351 1.062806 1.101572 1.146512 1.135418 1.125455 1.247157 
1.073110 0.824098 1.142128 1.122213 1.141714 0.875444 1.244068 0.978295 1.132010 0.960371 0.974014 0.989399 0.947217 1.149404 1.062048 1.175346 1.072461 1.246500 0.827691 1.107061 0.908392 1.131149 
1.001087 1.014375 1.082469 1.130066 0.924446 1.105445 0.800776 1.126725 1.077252 0.811252 1.041994 0.898776 1.231575 1.195125 0.888777 
0.892363 1.102007 0.964766 1.010039 0.804471 1.207250 1.088535 
0.841278 0.952531 0.898632 0.978435 0.932468 0.851110 
1.042107 0.811051 0.926805 0.885022 
1.006773 0.905270 0.945073 0.923696 
0.921767 1.026254 1.067768 0.966228 0.801307 1.112000 1.014698 0.966036 1.083829 
1.161359 0.934455 0.937159 1.027103 0.995811 
0.968960 0.888647 1.070232 0.816261 0.919111 1.023063 0.881462 0.879858 1.171571 0.865971 0.948854 
0.884640 0.947943 0.853461 0.958125 0.875015 0.964740 
0.832355 0.918128 0.905513 0.796506 1.153259 0.857599 1.002755 
0.844679 0.896079 1.081876 0.827805 0.888283 0.941370 
0.917213 1.172440 0.836642 1.152976 0.858096 0.837254 1.171709 1.034646 0.888282 0.937102 0.804118 1.129492 1.137242 0.819672 1.230479 0.955865 0.994120 0.812264 0.960919 0.921497 1.221157 1.018571 0.825968 0.938895 1.050858 
0.828004 0.863622 0.880769 0.855810 0.986861 0.836899 1.223763 1.121139 0.912034 
0.918711 0.840248 0.894089 1.171913 1.015839 0.817326 
1.201659 0.921055 0.860726 0.826159 0.913708 0.874642 0.897906 1.175751 0.849843 0.806074 0.919606 0.884660 1.128511 0.953009 
0.890150 0.825178 1.178834 1.057953 0.844865 1.001211 0.877885 0.859319 0.796398 0.880199 0.947700 1.046433 
0.903650 0.887485 0.940958 1.140471 1.040903 0.925910 0.861147 
1.124471 0.908869 0.845304 0.858591 0.812510 1.176710 0.822094 0.915042 0.959367 0.970673 0.860850 0.891312 0.913840 1.107548 1.064757 
0.914534 0.848075 0.860208 1.022044 0.987415 1.239336 0.895643 0.795523 1.079594 0.959847 0.815270 1.049082 0.888081 1.201781 0.897228 0.884105 0.984603 0.957403 0.993763 1.055857 0.924268 1.033136 1.110853 0.795925 1.217183 1.032730 1.130558 0.872666 1.131166 
1.164970 0.959089 0.852810 0.854791 0.943093 1.252844 1.137420 0.904618 1.252772 0.887189 0.867157 1.137290 0.849089 0.882332 0.911146 1.151243 0.842599 1.252457 1.052014 1.124485 0.866440 0.901535 1.077424 0.829081 0.828509 1.061599 1.038171 1.101200 0.940946 0.876828 0.944524 1.070384 1.065580 
0.942803 0.926840 1.211009 0.810210 0.844019 0.891784 0.874136 1.176062 
1.155608 0.891818 0.955127 0.941434 0.977158 0.987501 1.212864 1.091006 
1.111920 0.838233 0.904564 0.828330 0.865899 0.833410 1.025945 0.834089 1.192305 1.060519 1.075475 1.000204 0.803773 
0.937946 1.254889 0.864666 0.850907 0.872987 0.890124 0.952444 1.158355 0.923102 0.905199 
0.865270 0.800019 0.814183 0.921748 0.872520 1.022989 0.837706 1.071666 1.049038 1.226198 1.208774 1.133635 
0.859629 0.962601 0.842304 1.114950 1.212149 1.034582 1.025647 0.844171 0.879019 1.006985 1.177014 0.850959 0.909782 0.844937 0.963512 0.824837 1.008145 1.224135 0.909984 1.024397 
1.167296 1.083493 0.987602 1.065362 0.842287 0.905185 0.874081 1.039462 1.225928 1.212542 0.804730 0.820977 1.116011 0.893843 0.841086 0.800568 0.916906 0.820547 0.871804 0.892818 0.813277 0.886946 0.922230 0.858402 0.864098 0.813747 0.832610 
1.150124 1.065568 0.826953 0.876106 0.829660 0.989488 1.255082 1.042714 1.205764 0.887048 0.815130 0.814680 1.167070 0.811767 1.185329 0.893894 1.240946 0.853172 1.213203 0.922631 0.882591 1.240819 1.085834 0.868453 
0.891659 0.806452 1.079002 0.971542 0.927630 0.823877 1.107383 0.877124 1.189640 0.909593 0.824429 0.828559 1.250653 0.844653 1.172930 0.910840 0.897566 0.937243 0.836729 0.845104 0.836267 1.110019 0.956652 1.127609 0.854211 0.865946 0.802034 1.086869 0.957605 
1.070175 0.898062 0.858352 1.246616 0.796509 0.813140 0.891144 1.198970 0.816440 0.874354 1.076947 0.926386 1.236185 0.888959 0.860993 0.874277 1.174049 1.022654 1.170075 0.817308 0.926517 1.008807 
1.138823 0.828555 0.878218 1.256684 0.861425 1.012720 0.900078 0.839446 1.063511 0.873898 1.216721 0.943976 1.046571 0.927427 0.898331 0.974801 0.849649 0.799654 1.018498 1.113227 0.984168 0.877465 1.115917 0.960479 0.878261 
0.824223 0.818729 0.987078 0.807694 0.834730 0.901410 0.890088 0.971593 0.955201 0.843242 0.925060 1.021036 0.933950 0.943638 0.941576 0.836155 0.944688 1.223139 0.837670 1.080432 1.129398 1.016698 0.947803 0.857186 0.961746 0.811111 
0.870725 0.855981 1.021318 0.890773 1.152421 0.832763 1.178710 1.046787 1.203818 0.991983 0.945527 1.238063 0.849396 1.043136 
1.032366 0.829702 0.815694 0.871421 1.128662 0.842354 1.041988 0.829679 0.820370 0.868079 0.985906 0.824907 1.193525 0.817248 0.889946 
