   0.149846 1374.529883
   0.142782 1287.769828
   0.144121 1420.768519
   0.138295 1376.498452
   0.135699 1467.344117
   0.137567 1387.093586
   0.130422 1390.600443
   0.126469 1421.687921
   0.128766 1313.498545
   0.136039 1512.811733
   0.135711 1459.911557
   0.139840 1318.575307
   0.139131 1356.062008
   0.142637 1414.604829
   0.140942 1429.090337
   0.148100 1450.202746
   0.150231 1541.851850
   0.151429 1360.425479
   0.167769 1439.183668
   0.157137 1439.047880
   0.159024 1292.660402
   0.164234 1364.347348
   0.173423 1518.367194
   0.173775 1339.958472
   0.173208 1328.953002
   0.168645 1239.619008
   0.168576 1428.220610
   0.170104 1453.790010
   0.165705 1320.366789
   0.168588 1326.794965
   0.170818 1470.076571
   0.179490 1528.589489
   0.169094 1479.722266
   0.157474 1299.770154
   0.175556 1335.374374
   0.169645 1340.704610
   0.171343 1423.716946
   0.166621 1506.195057
   0.156829 1261.372143
   0.163093 1403.143932
   0.158814 1409.578707
   0.160824 1451.179208
   0.152161 1379.599084
   0.157518 1278.885632
   0.149541 1368.805023
   0.165083 1339.452833
   0.153417 1533.999335
   0.163464 1377.648727
   0.155684 1272.825755
   0.145769 1392.958225
   0.140998 1375.360145
   0.128735 1469.579141
   0.129815 1500.737788
   0.127746 1351.502242
   0.132159 1634.129418
   0.129025 1461.092410
   0.129504 1543.067538
   0.132005 1376.935203
   0.133449 1370.448675
   0.130371 1266.415961
   0.124927 1526.620728
   0.131334 1531.298895
   0.125031 1495.681162
   0.132128 1445.946686
   0.127862 1377.608662
   0.129219 1238.738053
   0.132543 1452.754791
   0.153676 1695.482507
   0.165242 1483.310530
   0.166908 1269.106549
   0.155806 1451.872812
   0.153009 1452.046657
   0.149713 1598.419433
   0.165257 1367.257368
   0.164814 1507.822684
   0.174251 1227.004951
   0.176291 1408.525114
   0.176626 1438.813638
   0.172609 1454.885432
   0.176328 1357.172086
   0.168175 1328.359755
   0.172055 1405.799055
   0.164262 1349.513598
   0.172744 1525.605762
   0.163082 1431.565506
   0.168272 1333.883437
   0.165561 1390.029161
   0.157960 1453.002206
   0.171350 1487.799520
   0.166969 1369.529574
   0.171436 1455.671259
   0.172145 1457.799613
   0.175985 1377.116903
   0.174065 1407.358971
   0.171750 1555.154031
   0.177022 1608.760804
   0.176150 1427.448146
   0.173926 1491.012510
   0.172579 1531.244065
   0.176811 1253.728690
