-103.475664 -103.902827 -98.921377 -99.181536 -104.762845 -96.864850 -104.439451 -102.607153 -105.362262 -100.917496 -101.405074 -97.562802 -102.380280 -97.110166 -104.461673 -96.996497 -98.474905 -104.322395 -97.043184 -97.494322 -103.453083 -99.058867 -103.541483 -102.757256 -102.668731 
-101.827612 -98.771356 -100.167252 -100.083298 -104.972545 -99.560325 -97.141660 -96.612152 -102.904787 -100.786427 -97.151576 -105.201885 -103.884059 -97.415114 -102.665369 -105.229234 
-103.750128 -103.328413 -98.903161 -100.849545 -104.371978 -103.992904 -101.552439 -97.425264 -99.845808 -100.422637 -102.523108 -97.355190 -100.892698 -99.414224 -103.838594 -99.868152 -98.886205 
-101.615431 -99.372891 -98.235556 -100.972078 -101.633562 -101.815498 -97.601655 -101.059988 -103.496010 -103.811651 -101.676023 
-103.596955 -101.589624 -103.896671 -98.350094 -101.116872 -104.199799 -98.572685 -101.059856 -99.231683 -101.117920 -97.525649 -97.429311 -100.848671 -96.889734 -104.133110 -97.802102 -103.588368 -99.655641 -105.062679 -101.646373 -102.724830 -96.959687 -98.658038 -98.412161 -103.016729 -98.304752 -97.190953 -100.177879 
-104.026772 -97.947315 -99.294109 -103.839724 -96.907019 -98.370953 -101.031396 -103.101358 -97.764654 -104.724843 -97.114368 -101.112016 -97.935083 -99.059099 -100.493277 -100.823945 
-100.858257 -100.421988 -98.257659 -101.043239 -100.104718 -104.968048 -98.701209 -99.406816 -100.495109 -97.461220 -104.031480 -98.560894 -96.511041 -96.841927 -104.305007 -103.377671 -98.060462 -101.241952 -97.748298 -96.347601 -101.059208 -98.222276 -100.774101 
-97.995029 -103.631492 -102.891940 -96.883264 -100.157445 -98.728651 
-97.109335 -103.580743 -98.183901 -100.930638 -98.667358 -101.454805 -100.256224 -104.899869 -105.428157 -102.013734 -99.092992 -99.234833 -99.656362 -101.018520 -103.670293 -100.272374 -98.671286 -100.813607 -99.464734 -98.164947 -97.025305 
-101.733546 -103.318941 -97.347951 -100.618204 -101.665695 -97.480855 -97.577197 -96.847141 -96.479621 -98.119922 -100.349631 -100.691238 -100.788515 -100.985826 -105.289411 -101.056227 
-100.444615 -103.024087 -100.668166 -101.104511 -104.631547 -100.767359 -100.283374 -99.877964 -98.236986 -101.672268 -98.095940 -100.676744 -98.019013 
-98.932508 -101.159506 -99.890937 -102.147440 -102.818157 -103.098963 -103.637057 -99.598715 -104.431684 -99.979758 -98.782017 -98.286287 -98.694045 -98.603056 -103.070337 -97.530549 -101.361010 -104.073427 -102.992169 -101.914681 -103.848343 -102.537867 -103.174877 
-99.701345 -100.410669 -100.574254 -100.388132 -101.164763 -101.078357 -97.556809 -96.753966 -103.346915 -101.792199 -101.988656 -100.748687 -101.770495 -100.261942 -101.443522 -97.317925 -97.626776 -98.482884 -104.491470 -99.553281 -101.034644 -97.317713 
-101.279217 -98.501979 -96.947065 -101.921918 -102.395387 -101.896108 -100.080602 -97.433345 -96.880202 -101.565821 -100.893272 -96.893569 -102.265795 -102.296737 -98.749097 -98.322972 -99.245619 -101.789379 -105.041486 -100.026458 
-103.456911 -98.297339 -96.886181 -100.881762 -100.678658 -101.603535 -100.157836 -98.026091 -102.298582 -98.821694 
-99.965270 -97.463744 -102.394677 -103.127438 -100.116594 -101.699323 -100.115857 -100.882908 -99.073327 -96.211948 -99.709995 -102.684220 -102.902623 -98.876786 
-100.114924 -96.849656 -97.001930 -98.923060 -103.610687 -101.086166 -101.580180 -97.590163 -103.508827 
-96.516401 -103.712106 -98.718656 -104.122414 -103.260043 -104.587475 -100.531675 -103.094393 -96.532106 -105.082959 -97.954410 -99.484002 -98.550559 -100.292839 -102.239138 -97.218083 
-100.707487 -99.727654 -101.413385 -102.500282 -101.806068 -97.457400 -102.911018 
-103.294388 -104.269589 -105.038050 -98.827792 -102.150704 -102.707531 -104.816704 -104.178721 -103.467566 -103.683768 -97.390372 
-101.971855 -103.873482 -99.433117 -100.230244 -101.368292 -102.057766 -96.339259 -98.507803 -97.887832 -97.170665 -98.902176 -100.119725 -100.022233 -97.995837 -101.568373 -97.907085 -104.912951 -98.269924 -104.021386 -103.830978 -104.888357 -98.343354 
-100.581525 -97.289165 -98.593887 -96.673886 -98.027333 -97.854096 -103.226491 -102.653313 -100.873549 -100.552052 -97.904525 -98.470066 -98.032507 -96.509460 -100.332230 -102.563780 -102.981964 -98.197110 -98.331862 
-97.477640 -97.598977 -99.466620 -97.035011 -105.360458 -97.620019 -99.599741 -96.946430 -99.281429 -98.850900 
-98.106695 -96.482193 -101.918281 -99.876827 -105.075815 -99.720883 -98.497548 -103.012712 -100.897586 -105.567826 -101.880926 -104.132995 -96.905387 -98.205154 -96.309470 
-97.015326 -103.404336 -102.822730 -97.435744 -101.695085 -100.029702 -104.066433 -101.557731 -98.792560 -99.838107 -100.079349 -98.718839 -101.864798 -97.519569 -101.255415 -99.340961 -105.411607 
-101.036313 -100.805259 -101.117855 -105.271389 -103.949378 -103.873946 
-105.558874 -100.901336 -97.222653 -104.282113 -104.598614 -96.235736 -103.367265 -100.850340 -102.005705 -105.130751 -102.918554 -104.663685 -102.768297 
-101.515085 -100.083357 -98.038956 -104.095216 -105.304585 -104.870915 -97.970023 -97.724669 -97.209990 -99.610456 
-99.170018 -104.024658 -101.045584 -98.839358 -96.730056 -101.739305 -98.334536 -99.624472 -96.991958 -96.615284 -101.890312 -100.736748 -96.427472 -98.392243 -99.861066 
-99.244440 -104.924587 -104.137636 -98.494204 -101.616767 -100.710269 -105.244122 -100.812024 -97.869606 -100.934043 -100.762718 -96.941467 -99.778367 -96.629113 -98.912647 -104.656721 -101.930325 -102.915654 -96.250621 -100.644605 -100.779698 -101.058117 -97.624979 -97.141225 -104.534342 
-101.234933 -101.858167 -99.687192 -101.265070 -102.020246 -98.117195 -105.239631 -101.316898 -103.518691 -102.040368 -103.952922 -99.601890 -103.949188 -102.399123 -103.962875 -100.086147 
-101.852744 -98.821728 -97.886760 -100.740438 -99.512479 -104.187900 -96.902103 -97.826067 -97.917699 -100.979928 -100.619756 -104.036623 -99.595866 
-97.597907 -99.376400 -99.481037 -104.654699 -96.805698 -98.810212 -99.328166 -105.373362 -97.437485 -105.428209 
-104.904475 -100.691197 -103.122697 -99.670466 -100.375328 -99.069953 -105.113392 -103.311318 -101.742866 -97.521732 -105.082839 
-103.031258 -98.707853 -99.347896 -97.778086 -101.960063 -101.650072 -100.242692 -101.892774 -100.773008 -101.967717 -103.062118 -101.462734 -104.394692 
-101.032623 -104.519449 -98.002153 -98.976740 -96.389933 
-98.997593 -96.986960 -96.499298 -102.125577 -101.595527 -97.913391 -97.358573 -100.508760 -99.351284 -101.897600 -102.927829 -98.619449 -104.655489 -97.799027 -99.062574 
-98.277475 -102.596436 -103.915321 -103.981493 -103.468123 -98.027067 -98.540612 -97.102174 -103.395855 -102.333420 -100.322655 -97.023047 
-101.177661 -103.172848 -100.034920 -101.999852 -100.951282 -103.028224 -102.625699 -101.944067 -102.284318 -96.986245 -102.001711 
-101.065190 -101.576643 -103.439350 -105.140369 -103.241974 -101.625681 -96.729124 -96.617437 -97.088516 -99.715641 -96.739111 -96.831028 -103.670391 -102.966781 
-103.974974 -100.483195 -102.496193 -105.075465 -96.603872 -104.012458 -104.237591 -103.584762 -98.679591 -96.340985 -104.852724 -99.066097 -104.331831 -102.692540 -102.624145 -98.845016 -104.580397 
-96.570016 -97.469186 -102.145738 -101.440343 -97.012332 -98.421341 -105.417651 -99.648211 -100.094419 -103.071002 -100.329557 
-96.512031 -97.114918 -98.529493 -100.046630 -96.412721 -104.494378 -104.793310 -101.193959 -103.004514 
-104.201760 -96.275740 -102.598128 -102.052288 -102.384775 
-103.705963 -100.540546 -101.147237 -98.996504 -100.716272 -103.627806 -102.731041 -103.555185 -105.136450 -101.279185 -96.993465 -99.505511 -104.109931 -99.759151 -98.282249 -98.757237 -100.107232 -99.225917 -102.808536 -98.680910 -103.598134 -101.455789 -102.473333 -97.148703 
-100.463213 -103.688970 -105.114514 
-97.996548 -104.331370 -100.769198 -97.291443 -103.347210 -97.829881 -101.677413 -102.993873 -103.572879 
-103.110799 -97.841901 -102.811257 -99.907170 -101.133845 -99.620611 -101.167854 -101.500216 -97.879633 -99.807116 -103.027654 -97.624461 -99.788947 -101.086780 
-98.158424 -102.559330 -100.438225 -100.408132 -97.981096 -100.486820 -97.730119 -101.894063 -97.544697 -98.873781 -99.065361 -97.255556 -98.014054 -96.671542 -102.466255 
-104.349733 -100.228944 -102.768931 -98.164865 -103.251918 -103.028872 -99.594344 -103.551800 -100.030738 -104.317650 -101.203538 -103.389423 -97.268413 -97.408472 -100.710469 -99.000016 -99.163913 -97.433411 -102.676932 -102.149108 -104.278687 -97.503593 -100.011205 -100.077573 -100.279259 -102.533815 -102.346157 -98.215264 -100.695599 
-100.676273 -96.780155 -98.048567 -103.717862 -97.905342 -96.286012 -101.174672 -103.790131 -99.126139 -102.168009 -97.979465 -102.379508 -102.914186 -98.712020 -102.167227 -102.225614 -103.694877 -99.888539 -99.365233 -102.486321 -104.354779 -98.012582 -99.147999 
-98.131049 -101.069174 -99.470549 -97.850455 -98.760042 -102.572185 -103.234816 -102.902273 
-101.980432 -101.900929 -103.369805 -97.931763 -98.968052 -99.946192 -102.252128 -101.664751 -100.266258 -100.543343 -100.987186 -99.848483 -104.842330 -102.802690 -102.450920 
-104.224113 -99.422730 -97.210293 -103.752515 -98.977060 -103.025572 -105.016408 -104.986744 -98.109030 -103.422741 -104.754136 -100.108872 -97.722160 -99.795762 -102.451411 -102.922065 -103.303210 -104.616013 -104.719806 -99.563669 -97.873864 
-101.524122 -103.681072 -102.460527 -96.775206 -99.476216 -98.490980 -98.458742 -103.403579 -101.571833 -102.063640 -98.152678 -100.880799 -99.567548 -102.824423 -96.218075 -98.737050 -102.600391 -101.696637 -96.939761 -104.505032 
-100.351499 -102.643238 -99.353523 -98.101646 -99.920339 -102.629290 -96.452692 -97.872967 -102.387508 -98.742283 -100.911041 -102.084187 -102.118061 -102.439834 -100.641619 -99.499303 
-96.330412 -104.737485 -97.980895 -100.798587 -96.678887 -105.001522 -104.983213 -100.950623 -98.378872 -101.597618 -101.461437 -98.794906 -96.578225 -103.574300 -102.206887 -101.950148 -105.073805 -104.364768 -99.956331 -96.457902 -98.971729 -97.001636 -99.070107 -98.801538 -101.007002 -99.455165 -103.264438 -99.496208 -105.428467 -100.746383 -102.456076 -103.935562 -100.413366 -98.563730 -98.421374 -98.126303 -97.419011 -99.010925 
-102.282586 -100.133093 -100.579473 -98.844597 -103.674007 -98.837280 -101.265661 -102.138759 -96.761781 -101.456937 -101.097488 -100.146021 -104.426746 -100.157343 
-100.246089 -96.727942 -100.798487 -101.357894 -102.226203 -101.256458 -99.724266 -102.026936 -100.382402 -101.261186 -100.178507 -103.443075 -103.882392 -99.966352 -98.206368 -97.420963 -96.883921 -101.545631 -104.533230 -97.522253 -96.382951 
-96.669365 -103.534709 -97.024496 -101.962000 -98.479890 -102.800341 -104.746757 -99.786167 -103.944040 -97.459246 -99.275359 -99.188684 -103.787296 
-103.983825 -96.840912 -100.517315 -97.060414 -104.727878 -97.425398 -103.670600 -101.526642 -96.769107 -99.875395 -100.185618 
-97.750796 -103.968572 -99.673635 -98.274880 -102.817053 -97.668786 -97.832020 
-99.846823 -97.883275 -103.600578 -103.578915 -96.489861 -97.910624 -103.418850 -101.511889 -103.504044 -96.346768 
-102.480822 -97.457565 -103.226227 -98.574948 -103.262625 -98.084343 -100.542633 -99.649065 -102.311787 -101.517880 -98.467757 -97.253242 -97.202141 
-103.450043 -102.071300 -99.761431 -100.879001 -101.469667 -103.083555 -97.733983 -100.923277 -100.818007 -100.309253 -98.229333 -102.964658 -97.893348 -103.085501 -96.606024 -105.515016 -101.488042 -100.028999 -97.014681 -104.886594 
-104.597845 -104.351161 -97.682437 -97.527566 -101.185551 -98.598575 -104.310847 -104.381132 -97.682528 -97.856099 -103.657087 -100.391579 -100.439369 -100.591571 -98.078825 -99.246984 -98.182375 -99.718744 -98.091781 -97.470328 -97.491024 -105.468923 
-102.983082 -98.851337 -101.849517 -103.493122 -105.131042 -101.820259 -97.094573 -99.137425 -105.020640 -103.940127 -104.324450 -97.532792 -103.678137 -104.512970 -96.454353 
-98.242034 -97.144769 -99.709260 -105.321908 -98.304249 -97.606646 -96.848351 
-97.309955 -103.527582 -100.708688 -96.217130 -104.107739 -96.850185 
-104.421144 -98.462927 -104.335841 -99.640694 
-103.622645 -105.414883 -101.818893 -96.603038 
-97.424618 -103.952859 -96.609152 -101.554113 -96.973871 -96.963049 -100.959877 -100.714299 -96.313626 
-97.522628 -99.281122 -101.690203 -102.593259 -100.026924 
-102.998834 -102.727308 -97.463476 -100.885481 -100.066297 -99.766955 -100.758510 -98.637751 -97.837076 -101.827443 -100.728821 
-101.465725 -103.759506 -102.133640 -102.988681 -101.676838 -103.385095 
-102.280577 -100.487033 -103.476877 -103.170604 -103.213438 -100.252640 -104.144997 
-101.726331 -104.348834 -101.604526 -98.859242 -98.141962 -97.873441 
-97.605203 -101.576608 -99.432833 -96.566200 -101.411935 -102.116189 -99.519711 -97.955461 -103.514913 -102.772409 -98.840939 -97.061500 -97.707700 -104.741562 -101.278542 -103.545328 -104.721056 -97.822203 -103.578595 -101.644319 -97.988204 -96.899506 -97.995878 -103.949459 -103.562329 
-98.840212 -101.720591 -97.630043 -99.276552 -99.074006 -97.373365 -102.211237 -99.077804 -102.467815 
-105.063641 -102.120541 -103.281636 -102.519209 -98.916161 -98.710337 
-102.430087 -103.604416 -100.361677 -98.033780 -100.471497 -102.727674 -102.571979 -103.572562 -101.817882 -102.456898 -103.413640 -101.214826 -101.608695 -105.393561 
-99.753043 -98.445004 -99.145571 -100.615750 -101.686768 -97.583751 -103.117560 -98.304263 -101.257136 -97.724372 -102.860573 -102.694519 
-101.912845 -98.759195 -103.079300 -98.324738 -102.851721 -104.868933 -98.196799 
-96.771495 -102.672527 -100.785559 -101.357765 -98.572715 -102.229504 -96.561646 -98.661530 -98.406498 -102.713216 -99.624521 -104.686833 -98.283259 -98.631951 -102.514648 
-100.817940 -99.297908 -101.500849 -99.987086 -97.779192 -96.889505 -98.500624 -98.667834 -97.944451 -103.644093 -97.508374 -99.529034 -99.858138 -100.244839 -97.966585 -97.631797 -100.703433 -101.217959 -97.943582 -102.759677 -101.837799 -98.248201 -103.631602 -98.273606 -104.700271 -102.192659 -100.179999 -98.410872 -104.276731 
-105.285033 -100.468036 -100.529155 -103.010007 -103.165487 -96.609341 -99.355680 -102.656362 -98.105487 -104.132178 -98.917066 -98.047970 -102.394199 -97.781472 -99.922571 -97.774564 -103.987423 -102.155518 -99.966228 -97.048656 -102.225203 -100.615459 -100.009017 -101.333403 -96.660187 -99.599617 -101.292948 -101.113534 -101.554622 -100.289957 -103.759925 -99.878139 -97.912299 
-102.986194 -101.632897 -104.530726 -104.830038 -98.189802 -99.998611 -101.808732 -102.149867 
-99.645015 -98.826015 -103.673014 -99.835869 -103.485780 -103.758618 -103.844973 -104.910297 
-103.233555 -102.483854 -103.508318 -96.922107 -100.295042 -97.551899 -97.180687 -103.118618 -105.047490 -102.938516 -97.186623 -104.223528 -97.180073 
-102.842139 -102.945436 -97.903926 -98.333506 -102.222730 -100.030235 -102.996794 -98.225117 -102.788173 -97.243473 
-99.353256 -97.438772 -104.526536 -103.374795 -103.766962 -97.722719 -102.415657 -105.174659 -97.108225 -102.415275 -97.135409 -104.449746 
-102.628069 -97.346664 -102.233077 -97.679667 -101.507390 -102.967461 -98.375813 -99.350763 -100.980754 -105.121129 -99.566835 -99.507341 -104.486213 -100.947811 -101.489104 -102.829750 -101.886688 -99.687857 -103.143069 -102.691073 
-96.748746 -101.727100 -104.201804 -101.395712 -104.134377 -103.511079 -100.854507 -97.858158 -97.366058 -97.348123 -101.243986 -98.838862 -104.328786 -101.290721 -97.924023 -98.199047 -104.465071 -96.787998 -101.519456 -98.188110 -97.831977 -97.837612 -96.285881 -104.683032 -103.634021 -102.164873 -105.324930 
-98.569577 -101.666951 -99.024290 -98.854348 -100.305838 -103.410150 -98.232630 -105.484724 -100.684781 -101.959108 -98.641888 -98.963336 -100.676073 -102.048423 -99.049935 -103.381638 -96.917511 -100.142546 -102.856239 -100.711172 -103.537957 -101.659279 -96.611041 -102.368374 
-103.221995 -96.303349 -104.208143 -97.111206 -104.060869 -101.891407 -102.469836 -96.791548 -101.144826 -101.201292 -97.676392 -99.994543 -103.638142 -100.659217 -104.173842 -103.770015 -104.696557 -103.611304 -98.534425 -101.443657 -99.609691 -100.446622 -98.903662 -97.574319 -97.404494 -104.018663 -99.805970 -98.935228 -97.541211 
-99.533258 -101.554165 -99.343547 -97.469229 -98.414681 -100.746078 -96.698857 -99.812380 -102.579396 -103.092473 -104.167188 -104.382006 -98.629551 -101.128600 -99.616070 -101.001021 -104.401367 -102.068124 -99.814167 -101.962977 -103.066512 -100.012636 
-99.408443 -99.323593 -100.639361 -99.295198 -97.840494 -102.448018 -103.581647 -102.339926 -98.665792 -102.421123 -98.377127 -97.239639 -102.576609 -97.960173 -96.209412 -101.899297 -98.355847 -98.431235 -104.520572 -103.481017 -104.593962 -104.864537 -98.695059 -98.636126 -98.471528 
-97.196318 -101.724163 -102.790904 -98.347846 -101.959042 -103.026634 -104.010329 -98.141949 -104.500199 -99.824740 -102.292580 -97.014187 -103.418397 -97.093030 -98.897319 -98.488952 -97.462117 -97.856803 -96.797987 -100.912835 -98.615304 -102.313799 -97.520394 -100.661537 -105.500612 -102.268543 
-101.383125 -98.525439 -101.767698 -102.782201 -98.882397 -101.583708 -103.010177 -97.569798 -97.433434 -98.542169 -101.449195 -98.108109 -102.645606 -98.692213 
-101.607830 -99.704410 -104.277234 -103.174347 -105.541519 -103.089143 -101.916318 -102.241925 -98.752373 -101.442643 -101.470294 -104.534452 -101.802388 -98.248492 -102.466495 
