1.311047 8.140892 19.990316 2.531776 40.240964 1.134877 4.177616 7.120294 8.491837 26.912692 10.219654 6.021154 0.999367 4.278806 4.790112 1.363068 8.875675 1.484863 4.245264 8.421707 1.578796 6.504347 3.090759 1.394826 5.774663 4.426259 0.125100 5.343559 0.931013 
2.135613 49.995275 8.745438 0.900527 3.306449 4.464386 2.425858 2.872062 0.665080 6.022662 7.945207 1.093358 2.085202 0.636611 10.062638 3.356525 3.632717 10.199826 28.942122 7.736002 
7.087396 17.391495 139.449809 42.259189 0.136151 0.556008 0.083412 0.816192 57.524881 3.779357 2.593142 15.674802 3.218359 6.788520 5.637203 0.913465 2.127611 31.284565 4.962872 
23.537883 2.417045 27.664059 8.277245 0.233577 0.055225 0.938817 65.167072 5.963161 0.902786 0.284099 2.131557 1.079511 0.392819 0.082938 0.717878 0.294600 8.420487 4.792318 1.408017 0.599684 3.358409 4.295980 0.404790 26.449023 23.175820 1.097926 11.861103 1.429700 0.878415 8.974013 3.610783 0.062721 
2.838195 2.047109 1.697922 9.098683 18.689810 34.942809 2.764936 10.643675 106.671108 2.432570 21.177251 1.539194 6.319832 12.389523 67.135779 11.323961 4.143942 3.405346 4.579097 2.880758 2.376192 3.176715 4.531380 
1.263901 2.680104 72.671184 14.371052 1.087328 9.833539 1.133600 8.280574 0.476494 1.364487 2.490078 12.550796 9.194043 8.296378 8.280286 2.516557 2.962560 13.770861 4.377976 3.519546 1.804555 3.236260 3.719409 3.156564 2.528172 2.107778 5.970106 
1.336345 12.941145 3.506810 0.204798 53.044480 4.514562 2.755346 3.521142 8.191956 1.844536 12.577068 41.055410 9.162098 10.619633 3.074934 47.633141 5.189921 0.915527 10.243665 0.763473 
6.251255 6.667127 7.240829 1.824629 8.742564 1.832636 3.524541 0.841280 4.907826 24.237315 0.349105 8.660505 5.161021 12.086673 6.309524 18.148392 
2.346315 5.585721 8.545856 5.547066 7.251773 18.916815 19.852408 1.650967 1.244078 0.903516 1.248958 52.470613 6.685280 7.510296 6.846796 0.787157 4.354215 5.188377 4.481851 
7.280566 6.397171 1.811630 1.530585 4.280245 3.460020 1.942703 9.756555 2.555065 4.945179 12.911724 3.951127 3.187336 5.541665 1.483837 9.324292 18.366018 3.529656 7.306385 5.271869 7.586607 2.415433 5.645806 2.390843 3.060132 3.544102 14.029053 7.112247 1.075737 4.475775 8.439538 2.778507 10.620077 3.538190 
0.142728 7.095490 25.137796 3.491429 4.674447 0.448450 
2.038525 5.372610 1.451716 4.657062 1.750792 29.491591 10.748481 10.340772 1.985213 4.683959 7.162282 5.776733 3.995191 11.722695 1.180728 0.555484 3.914034 2.575048 63.979855 6.445565 1.368478 0.513341 7.136076 4.742867 25.217612 7.215002 
27.388163 6.808463 7.545624 32.513268 13.119198 3.030731 9.868607 5.292352 8.021714 3.000209 0.121619 22.096470 2.659185 5.399109 53.936482 2.041892 1.365902 7.318517 
2.838956 3.379486 4.052047 6.483960 4.224006 3.168057 2.195959 19.728911 3.448565 18.332869 2.068614 0.362927 2.739517 3.936932 40.383591 3.613660 55.141565 17.838311 32.685899 7.855476 8.175173 4.328672 0.872669 12.588568 4.589935 6.088000 5.574983 1.840897 
1.661507 53.589056 0.471153 23.319679 3.192418 1.454452 3.121022 14.487725 3.174303 0.355846 57.976422 18.597186 3.321034 4.191483 9.933673 4.742576 14.552485 14.553020 4.102926 8.300219 3.625927 5.063107 0.811557 1.812465 2.594256 14.148372 
2.632117 1.972190 1.480711 34.437955 4.729202 2.255355 14.590687 9.436639 5.180942 2.108516 11.047559 4.496160 7.677572 3.805642 2.097021 1.277080 18.245539 15.771388 
142.187195 5.304786 47.780023 1.193160 4.401474 0.227614 12.619302 6.901951 0.176494 15.559369 0.653772 1.626166 6.977818 2.144215 18.534070 1.023556 23.972315 
26.849805 3.774303 0.331488 4.820734 2.775081 4.840919 1.408269 2.598828 
22.075258 7.882278 12.891101 0.701650 14.518191 1.887508 1.036570 106.070623 5.317299 0.118113 9.294104 4.232877 9.718110 3.629842 1.392665 2.874363 3.496084 2.361666 3.996314 12.333790 0.227780 0.086705 0.130311 33.431813 1.446493 7.830169 0.168465 1.519431 0.656987 4.497279 0.698880 6.632828 2.860623 22.463290 
14.205066 1.396060 8.725157 25.652830 0.494178 2.126540 6.448975 12.808676 1.998680 0.473103 10.059632 7.853378 2.363281 
2.446339 2.542199 7.514098 11.507587 0.382598 13.265467 0.318765 4.160393 52.327748 10.357704 12.254487 1.447378 2.409409 1.816283 6.997527 4.853098 0.335775 37.695787 3.945604 41.129610 197.188494 6.349721 5.150848 1.442449 
14.168567 2.506668 2.696593 26.124651 59.979819 7.032019 25.918841 1.088043 172.845552 6.795690 1.783447 5.097889 0.244289 6.904465 3.418627 8.686538 1.326621 16.771730 20.563184 8.588900 6.706810 
151.738295 3.650390 13.981847 0.447112 8.553084 2.635536 14.935434 39.737264 1.388660 4.441886 1.449678 5.075549 11.082167 3.779906 11.102425 2.063741 2.184087 6.907635 10.826913 0.957735 4.836408 2.336393 0.956537 
0.760796 32.561329 2.852920 5.859699 5.770454 7.041988 2.109498 4.867165 13.224163 8.257580 10.929750 14.408421 12.360926 5.158517 1.335051 
12.225210 2.247316 4.348660 19.205087 119.591118 6.207279 
1.208215 42.477643 33.957625 3.568345 50.774033 6.720944 0.750086 
4.433577 11.158110 32.080666 13.417610 3.405063 17.271534 26.934618 16.783769 38.056997 9.671020 6.102633 2.798589 2.634497 5.119230 9.137898 7.282052 1.003630 0.387702 6.032421 15.849727 
8.092543 3.825041 16.847869 5.201923 5.625233 1.389038 17.151191 3.819966 7.198801 31.263264 14.164559 15.101925 24.181044 8.026097 1.178647 24.423625 7.969406 1.610140 0.780836 2.594243 10.771370 
35.089925 0.851682 0.157529 6.096636 20.038576 2.739821 3.601547 3.237380 10.443489 6.157089 0.975312 2.908011 1.268301 
10.050867 0.812658 7.144668 13.175413 7.655363 13.104680 0.516523 1.365127 31.514376 0.404859 11.825851 1.010172 2.586599 174.162890 8.405769 8.511138 18.026985 2.695179 6.711386 21.967539 10.508740 4.846410 2.979966 
7.308978 15.125639 50.584814 1.628246 37.244475 27.534701 4.634300 41.262244 29.136534 8.573656 2.778292 0.941564 1.417177 1.686856 56.876535 4.326515 80.953793 4.407420 2.937654 0.453561 27.966722 0.874085 12.264818 18.805899 14.573803 3.688260 1.922573 10.248073 
5.125876 42.927186 6.224839 7.226878 16.596804 0.452972 2.322836 1.767434 5.212247 5.888458 8.444002 29.951828 5.234597 2.443408 1.228242 21.637634 1.980015 2.589538 
13.977780 21.534243 7.123751 9.399245 19.477712 2.881615 1.741859 12.021065 6.775505 3.572583 1.197339 1.844002 4.331569 
3.377858 5.146818 192.926837 0.874544 3.966457 8.517182 1.573768 52.840073 15.700103 5.398791 4.018403 12.937744 79.052729 5.601046 118.746257 14.411094 11.470801 11.947544 1.972238 22.857510 
13.512646 2.980230 137.249941 14.107457 10.454884 352.474737 73.178568 0.378508 18.878251 1.252969 4.331940 1.236963 99.698937 5.389533 7.792235 2.191367 8.714449 
5.731944 50.599291 0.619512 5.672011 8.840500 
12.722971 0.465368 0.355602 10.992192 10.631100 1.108515 4.850731 0.237279 25.736134 7.750479 4.281219 3.693501 1.146599 
1.000282 6.892905 2.617975 0.809671 20.897468 5.455963 13.572287 9.473860 4.822376 2.072621 6.807535 1.914186 2.276375 1.792213 3.801072 5.952837 34.506450 5.339473 
6.420739 223.559851 3.509223 35.968203 19.263923 1.593747 2.484249 8.885483 26.059519 24.955776 
8.529566 0.392985 33.858253 13.377141 118.429010 16.035741 12.143868 4.072471 3.547794 2.790102 3.029378 23.449444 6.346396 4.247967 9.914671 
1.377246 0.338151 9.993237 13.088535 10.148792 1.178383 0.055239 3.054485 196.027880 43.098668 5.727125 0.634263 4.540876 6.274769 10.621130 9.683881 0.979435 1.607509 5.047287 0.164497 8.054868 1.998433 10.059543 4.468273 
6.393798 3.880685 0.882234 3.504971 15.869185 6.642859 25.572761 7.669307 1.201002 2.135213 5.786917 2.555807 5.368623 3.758006 7.150286 9.690022 5.108291 1.700404 1.639913 
11.940907 10.344317 34.888040 8.269931 12.788562 23.731033 19.822210 7.707919 2.962853 1.924060 6.570976 27.785165 0.703727 58.848677 33.836561 1.252661 346.549437 0.803279 1.401996 0.651786 7.346925 10.977322 42.025730 
21.955931 4.621747 105.982542 1.008353 2.328459 62.651738 5.345501 5.815435 8.050911 3.287451 0.554216 5.920510 7.367266 6.436560 14.733717 3.473917 7.329620 
9.177881 1.026229 52.004467 49.118413 2.602966 13.296678 4.338634 14.537639 124.370146 6.242088 0.331585 4.485737 5.508090 2.939088 8.196489 3.424598 2.637228 4.288069 
5.401776 4.379459 10.951418 12.612379 0.234380 15.939975 0.152430 0.051760 194.760828 26.903517 0.190923 
6.755392 0.471932 11.139714 7.369178 1.042030 5.449611 10.099950 15.727713 19.715339 2.870678 2.887263 3.416904 0.156403 
19.693987 3.686362 19.281874 6.245542 2.972087 5.634622 7.981200 1.986129 0.270787 5.385390 14.659040 0.978584 
13.062394 4.676149 
25.002228 10.311410 2.689652 14.502419 2.674748 29.904812 6.056895 7.053739 8.320499 1.944748 6.778429 17.678114 7.858993 20.829962 3.938737 12.376588 10.646386 2.891874 5.948454 
27.245494 9.423517 0.602819 11.159912 27.904013 1.956118 1.782776 5.760984 1.513114 12.787207 0.538543 6.720099 7.193710 0.155244 
6.610203 0.654657 1.939483 0.282576 32.434303 1.182382 28.312563 244.192751 5.592614 2.813127 7.250359 1.357556 20.169016 1.181275 1.778752 9.164229 4.079055 0.801075 3.458494 20.760692 4.337520 1.554918 38.130729 12.342753 0.872697 1.451539 0.199257 0.429430 0.753741 0.543037 1.623474 3.269441 
2.798558 0.278970 0.528919 7.777673 11.044288 234.737838 1.932958 0.577685 85.086230 2.191786 1.308349 2.521978 5.891289 1.485367 9.707389 15.311019 11.333007 4.029625 101.649489 0.345003 45.550339 3.127671 2.711562 33.381956 3.152305 
2.746316 2.146088 1.722527 5.993276 0.182801 1.687190 1.477575 4.286539 0.779350 0.554347 4.013491 31.147373 0.071936 25.485333 0.372299 18.278971 22.718632 1.911675 1.575377 0.400976 0.453568 4.496883 7.968579 9.167346 17.461103 1.650618 4.618030 6.239091 1.822307 2.415819 0.650822 2.410813 1.645623 0.277655 
6.011896 4.146845 0.404482 24.334637 3.188788 30.812308 6.880976 2.441367 4.791270 2.781947 4.129543 63.461428 1.190271 9.213137 0.534367 6.413614 0.858327 
4.188865 25.221139 57.839489 11.076950 29.259087 1577.785617 12.989490 11.486617 
4.468115 3.304272 4.723926 28.977119 41.252389 32.945791 
3.783203 8.178043 43.899450 12.446726 4.151219 4.306372 3.901800 2.456409 1.990852 36.667561 2.496542 
0.282191 2.196383 0.646304 41.826767 30.412403 3.061544 24.672343 176.111900 17.292293 0.246116 5.391082 9.240819 0.943182 4.037314 3.197656 9.593120 
4.936500 11.228937 2.086307 6.769204 2.239199 8.067528 1.068074 
4.273012 7.761035 37.487088 8.892904 27.417884 3.372882 4.632014 33.246455 32.474010 9.671121 8.906463 1.929131 3.868208 3.337399 1.187086 338.619854 1.781014 10.528218 4.830759 
0.378597 131.558605 1.204213 8.598082 0.851898 20.670338 4.666315 51.239693 6.234198 2.699478 2.419285 5.408586 10.582527 5.402321 4.406931 51.918645 
6.504955 2.296719 0.532256 8.164272 6.193532 1.702811 9.127386 0.636261 39.989164 1.211130 1.419858 5.109577 45.869319 2.058101 3.991987 2.911701 2.944868 9.283145 
3.492961 39.325732 29.238581 5.215908 4.084059 5.626124 3.712854 0.824873 10.694413 37.975607 3.988587 2.171202 9.973860 14.010304 
0.448883 2.768345 9.382192 3.699954 0.489349 3.243813 1.295804 4.037826 
6.975902 20.898482 2.522694 108.065713 1.183916 1.820535 4.712291 2.871487 57.983812 5.841526 47.729972 
1.999784 31.702267 0.382339 4.062109 1.584160 2.424162 5.586902 1.920423 16.645521 8.603388 73.824050 0.127609 9.866666 6.960295 
2.327847 1.533387 21.949054 3.071400 44.162269 2.512468 3.860226 4.908833 7.727253 12.820654 8.091388 0.594990 0.536199 28.218297 0.362616 0.354955 0.492415 0.322514 11.863184 10.969541 12.538882 17.502932 0.612868 
5.958314 422.502681 1.181794 20.006645 18.769534 33.115343 4.912715 9.555854 80.393034 40.236145 0.409355 0.128745 0.167112 14.263839 1.212098 0.915451 13.847459 3.691423 4.090578 25.472590 
12.730039 5.978845 4.623277 2.442532 11.104782 6.964487 8.087288 0.965156 2.026915 26.306243 28.213040 15.644865 30.933586 3.411903 11.568209 
3.416231 32.279006 9.819621 6.321926 6.351077 0.792107 6.545455 9.494541 1.741842 4.421623 12.246911 14.278121 
112.077143 2.039364 9.934388 1.383626 3.650944 7.186491 2.569363 2.578302 3.873457 9.860437 14.438965 0.689740 203.401947 242.336999 9.555265 6.778452 41.114059 73.667097 7.319258 13.479094 7.636032 4.811977 
1.373324 0.829226 9.035454 17.851345 0.160559 1.293439 29.752875 1.210803 5.337737 413.982649 3.640685 1.119042 24.758196 0.183762 0.733255 0.122249 
4.618059 12.440002 40.860531 0.280550 18.965250 0.543891 1.715536 6.925738 5.247294 25.740806 11.475080 2.167367 0.278932 3.410218 
0.580189 3.359016 19.899780 11.996815 71.653817 2.345178 14.543851 7.264327 0.098390 7.375089 2.266725 38.369881 6.924145 33.972367 5.884685 19.163845 7.729488 1.017235 42.709593 25.756098 10.323756 30.834961 10.990954 2.573511 6.884930 
7.304016 1.725729 24.119433 1.035579 35.912366 3.156247 2.416116 24.327589 1.744622 15.194487 1.437716 0.144908 63.314826 3.621394 6.216773 4.732604 5.730634 3.139843 15.640391 8.964922 4.896422 1.086594 4.122104 81.965440 9.152191 
14.431641 0.353158 5.546302 57.657245 6.023442 5.732369 2.486419 1.929838 26.824290 22.751837 7.098700 22.516653 9.798344 12.621654 
4.426676 46.000689 5.282916 324.047084 1.804805 21.746364 3.062127 3.466451 5.203355 7.820438 16.096188 
3.540928 1.500631 5.848632 3.609722 26.260539 11.599791 5.502065 18.130340 36.314251 48.271554 0.227626 6.307638 2.673420 3.037313 5.877632 5.467830 18.059364 13.263493 
3.098860 12.926788 2.170623 2.100475 11.186110 15.393716 61.294539 6.065176 5.129519 67.324208 12.538535 49.543916 16.809883 6.709882 22.544558 5.101097 3.812269 13.108343 5.507263 
15.043007 3.605570 4.159578 15.217154 19.663011 0.380537 14.455243 8.123919 2.037220 22.854097 172.257616 4.590901 7.187436 3.763972 4.456837 26.103372 1.340323 5.718174 1.800062 
2.014998 5.639344 0.384768 75.044125 20.731185 3.344767 25.698873 1.596355 2.204300 11.519812 37.543211 3.668763 100.143546 7.639869 46.423406 29.640214 2.652100 7.918403 74.549557 6.468316 21.309181 0.076763 0.100651 5.030222 0.727463 12.518066 18.693088 1.511180 20.854013 9.944611 
23.953729 27.593938 0.297831 2.470415 3.267797 2.181574 4.294079 1.819353 19.247150 15.953676 5.434988 0.348420 17.421771 67.218991 5.212206 38.236937 9.847138 1.428696 
27.294184 4.637111 5.661845 
12.327475 4.536644 2.117530 1.894372 0.185514 43.327568 6.155810 8.599414 
0.997649 0.391806 2.836534 9.891686 7.408463 19.689710 52.275711 36.363210 6.891296 1.868259 4.417866 12.497955 1.449627 19.365654 
5.688084 2.912059 12.327503 11.553227 3.097733 73.017605 5.757645 0.469132 118.150947 69.986674 15.844439 4.106734 
190.370042 5.101182 2.710336 6.339638 3.251829 0.324206 8.598454 10.959779 5.874399 27.408791 7.993486 0.808706 0.505433 5.110126 60.455547 2.174614 0.964096 3.034587 
5.294829 15.911800 12.808494 
31.966408 4.774439 5.125432 12.284026 14.557591 2.977609 3.391010 8.327207 0.685642 5.811501 18.401164 
5.770322 5.340102 1.549677 0.353225 4.211527 74.666730 53.866341 0.466066 2.992211 0.883187 36.721126 10.620020 4.818107 5.760167 24.873330 19.974755 1.626801 1.460935 
3.770333 175.222763 8.799430 23.187232 9.992437 22.537565 34.718156 0.585949 23.442723 3.381866 1.832426 0.476667 4.233441 1.050140 5.803698 5.405907 7.573864 14.846185 0.303804 6.742967 0.125025 7.716365 13.899025 2.536844 0.760329 10.508296 
1.612964 9.785281 16.759461 0.935124 10.552714 12.380758 13.075883 5.466419 6.200699 9.713974 2.391324 13.369988 
3.171711 7.379198 54.958897 4.931099 71.618701 1.544003 9.977529 7.130237 3.229399 31.477559 3.979806 9.366468 2.322726 4.658126 
5.707335 5.092543 3.396604 0.689082 1.395941 36.682084 0.333837 29.519275 88.479528 10.564317 0.376358 4.753723 5.789241 16.456723 4.481205 
32.384382 5.555720 2.070474 5.393619 3.406693 27.818745 4.106136 4.558548 5.145080 2.571047 9.878273 29.955083 55.784064 9.563203 8.482633 3.353033 3.273674 
141.856622 10.645024 47.983627 9.737102 31.660938 3.143971 9.219480 15.201371 12.413656 5.419984 0.942366 1.905744 5.744406 16.707891 6.695067 1.971822 
7.345059 20.744109 21.059192 1.603787 6.339334 5.203386 46.418039 6.154316 20.957785 10.423941 0.265533 37.167400 5.208511 6.793216 53.729241 14.913334 
2.522092 9.988399 7.136886 21.502799 15.385139 12.876513 5.786023 2.657579 1.342339 0.586861 30.492809 13.129558 3.269515 2.499368 2.368837 10.394836 0.884011 0.554559 4.909109 10.031643 19.130421 
1.688067 1.798260 6.183030 6.779125 2.317277 21.204566 33.996983 6.157870 8.503932 5.489061 10.846688 1.909144 20.312820 2.489757 10.368331 7.618406 18.146081 1.652705 0.896926 4.855974 3.339678 4.461899 14.565682 8.590278 4.682881 27.768914 2.679512 10.766138 18.169611 
