-105.592647 -98.667582 -99.754779 -98.200643 -98.231129 -103.519163 -98.591070 -96.438906 -103.657672 -100.839775 -98.587963 -98.749547 -101.380708 -97.661601 -102.987225 -103.361824 -105.083038 -99.038366 -102.843952 -97.794674 -104.001512 -101.842638 -96.706648 -96.425646 -99.850483 -99.688357 -103.983422 -98.635983 -101.514501 
-102.568190 -99.631643 -97.474880 -101.731971 -98.723559 -96.513594 -100.907078 -100.849030 -101.190387 -98.690226 -102.389219 -104.691965 -99.850141 -96.648854 -101.312061 -104.725632 -102.985817 -100.724228 -100.363339 -97.528015 
-101.749806 -98.725206 -100.299224 -97.674481 -97.243458 -102.050952 -105.578032 -101.566167 -103.550560 -98.787448 -103.522533 -102.190200 -98.002078 -100.523847 -100.908227 -101.292464 -98.214719 -97.486949 -99.177643 
-99.260519 -100.589258 -100.468101 -102.015086 -101.403722 -104.863399 -97.473913 -98.159995 -102.285310 -102.311670 -101.556761 -97.415188 -100.361169 -103.992377 -101.123858 -104.978750 -98.489545 -101.712716 -100.661011 -104.906131 -101.869490 -98.474531 -102.243160 -98.402521 -104.995019 -101.063488 -99.500338 -99.977655 -98.450320 -100.147342 -104.043046 -103.498397 -99.504407 
-102.238823 -96.633673 -100.849530 -103.028864 -102.438245 -96.388076 -103.222572 -101.819269 -105.075440 -102.048335 -99.179648 -102.614847 -99.627745 -100.119017 -97.656381 -103.961814 -98.349290 -101.752052 -100.005427 -104.082337 -97.220027 -103.344865 -99.055966 
-104.861936 -100.905541 -98.481901 -103.540381 -103.943555 -99.048783 -101.247702 -99.347620 -96.996720 -103.570327 -98.104371 -98.380861 -102.647654 -99.332562 -101.137717 -103.261696 -97.167968 -100.633910 -98.785763 -101.658564 -98.943713 -103.596559 -102.147915 -102.736256 -103.191849 -105.396805 -99.222919 
-100.283047 -102.296869 -99.349702 -102.245054 -100.224792 -103.380983 -97.174037 -101.308804 -98.522208 -100.752847 -104.052104 -96.826820 -98.795924 -98.870396 -99.175967 -100.064921 -100.845901 -102.840259 -103.952164 -97.476150 
-98.742238 -99.694848 -98.409945 -97.149271 -102.841971 -102.127843 -101.818732 -102.983322 -103.821115 -99.513553 -99.067011 -101.235076 -96.836411 -102.929802 -100.770380 -97.368061 
-99.378979 -101.757699 -97.611946 -100.408189 -98.946200 -102.992537 -100.275928 -102.121047 -103.117848 -104.829418 -100.868966 -104.210433 -105.302328 -100.000967 -96.204726 -96.871275 -101.811424 -102.073012 -101.595326 
-100.042363 -101.574077 -102.648613 -101.706332 -97.096572 -101.432051 -102.103743 -96.184913 -97.747700 -97.224562 -98.624327 -98.034090 -102.556963 -103.292896 -97.330179 -103.342907 -100.037868 -99.253624 -102.178034 -100.635706 -97.546465 -103.362747 -101.350561 -100.252946 -102.788177 -96.187787 -99.897868 -99.160402 -104.518223 -99.864311 -102.780361 -102.150959 -98.513293 -99.776521 
-100.677033 -100.798190 -99.909512 -101.109561 -96.492760 -99.751500 
-98.188467 -97.125939 -98.238011 -101.041929 -102.698310 -97.280222 -98.401276 -101.965764 -100.489074 -99.007352 -103.925728 -101.489481 -100.902739 -102.722124 -98.104376 -97.763620 -100.430931 -97.236594 -100.737597 -101.149513 -98.851116 -103.901691 -99.978834 -99.873698 -99.865750 -101.763035 
-100.139854 -99.452653 -99.542347 -103.960529 -101.396125 -103.233062 -96.673791 -101.264829 -99.929513 -97.349006 -101.156613 -100.134312 -97.279347 -99.549824 -100.412705 -99.472525 -98.086044 -97.746229 
-105.242731 -104.408752 -101.844691 -101.944136 -102.688394 -96.580709 -105.035587 -99.743105 -98.000636 -105.284310 -97.296726 -104.133800 -103.961038 -99.923423 -104.054927 -102.603861 -96.983879 -104.090616 -102.753163 -97.655156 -104.594276 -96.946235 -101.478907 -105.354581 -104.944971 -102.928799 -100.339952 -99.778856 
-100.322349 -97.224650 -97.928459 -96.426136 -103.815773 -97.645069 -101.023526 -98.128054 -96.461617 -100.470884 -100.060307 -98.238361 -100.661769 -98.326316 -102.127872 -99.684114 -104.355227 -98.914891 -99.074670 -99.529786 -96.443399 -96.205770 -97.321104 -97.568815 -98.040580 -96.474556 
-96.861505 -102.052759 -101.474963 -98.415467 -101.675155 -100.477460 -102.398217 -102.168861 -101.690875 -103.997108 -103.678979 -98.545719 -96.442141 -102.194780 -100.822736 -102.742727 -101.379898 -100.142763 
-96.971222 -102.271322 -101.625664 -98.485506 -98.387086 -98.062992 -102.376655 -98.673391 -101.817514 -97.502739 -103.440323 -96.218182 -103.711072 -104.290400 -99.313600 -98.435664 -103.959901 
-99.170902 -98.968912 -97.501569 -103.692680 -97.582549 -102.121225 -98.539945 -98.708747 
-104.171810 -101.371580 -103.559809 -103.258678 -97.249203 -105.385155 -100.867942 -100.561025 -102.688676 -99.786823 -96.399420 -102.687548 -100.272772 -97.334615 -97.223309 -103.959578 -103.103443 -97.593005 -101.189013 -98.899817 -104.823787 -97.631904 -98.665349 -97.286266 -102.491323 -102.575529 -96.148448 -98.098901 -100.898596 -100.715098 -96.461096 -96.921288 -98.607789 -98.223204 
-100.149642 -97.926275 -101.139662 -97.066334 -101.972610 -101.443703 -102.414451 -104.522004 -102.944844 -96.994306 -98.906527 -104.555050 -98.622581 
-102.017596 -102.629375 -99.506174 -101.967297 -101.648052 -102.144318 -100.786178 -97.261051 -98.022959 -96.407833 -104.802141 -100.245535 -100.228189 -101.476489 -102.859246 -101.244666 -99.504352 -100.508146 -99.529338 -96.722956 -100.180820 -101.180427 -103.230715 -103.534344 
-100.113801 -101.159781 -103.800017 -99.537456 -96.972972 -99.716771 -100.852209 -101.157220 -101.592551 -96.856726 -100.498626 -103.194226 -104.384396 -101.399249 -101.748588 -97.780633 -101.190355 -100.151413 -104.286369 -97.275721 -100.477951 
-100.316525 -102.152132 -102.426455 -102.677968 -101.592635 -101.279939 -102.665496 -100.849907 -96.246208 -102.928134 -100.251986 -97.299969 -103.563397 -103.098565 -100.270938 -101.616755 -96.902648 -100.049691 -97.080284 -101.341276 -97.805607 -97.215521 -96.991928 
-100.568926 -100.127614 -102.763526 -101.806552 -98.797465 -97.915966 -98.597375 -101.213108 -102.021193 -104.164322 -99.442980 -97.454503 -98.623604 -99.795745 -97.106047 
-98.836153 -98.399372 -103.345317 -99.506804 -104.784769 -100.643147 
-98.816589 -105.041828 -99.966636 -103.500812 -97.656116 -101.879980 -101.335611 
-103.630588 -104.085242 -96.780597 -103.693698 -100.299946 -100.994561 -99.783012 -103.752952 -100.806676 -105.284747 -99.092413 -97.112606 -102.148003 -102.750215 -103.005134 -100.986460 -103.552872 -97.710591 -99.082624 -99.730851 
-102.058451 -96.435817 -99.592092 -102.072971 -100.945165 -97.184232 -99.683951 -103.446269 -102.908218 -97.560583 -102.334186 -104.871029 -97.405884 -98.131026 -97.094592 -104.510935 -98.146289 -99.445569 -102.561620 -97.190286 -100.522991 
-102.136481 -104.351330 -102.301271 -101.774073 -100.147288 -103.148014 -103.068048 -104.454186 -98.422359 -104.833118 -98.223964 -97.056373 -104.653782 
-99.717704 -101.442321 -100.162294 -101.248776 -103.749654 -96.947062 -101.235984 -100.671800 -100.618882 -101.925956 -102.536349 -102.972823 -100.778229 -96.933713 -103.476018 -97.805081 -99.330854 -100.978756 -101.700774 -104.935137 -96.718732 -102.945144 -102.929656 
-102.204066 -100.211276 -97.581175 -97.126226 -99.929832 -100.265866 -103.776107 -97.527689 -97.107674 -101.301481 -102.615465 -104.076516 -96.521741 -99.225889 -101.943604 -105.181675 -97.280865 -101.281487 -101.354918 -101.273200 -101.042506 -103.510260 -96.758990 -104.039054 -97.084501 -102.394311 -102.906775 -101.928604 
-101.638489 -100.251416 -97.443186 -99.705413 -102.125184 -101.383377 -102.681327 -100.064902 -99.404140 -98.383848 -103.650874 -100.778993 -96.894107 -105.056759 -97.664452 -99.854511 -97.588593 -97.831740 
-103.555347 -96.492419 -101.569439 -98.125372 -100.375106 -101.170085 -101.730632 -96.356135 -97.857225 -103.667503 -96.434594 -98.322936 -103.146722 
-99.082725 -101.611978 -99.623502 -97.405737 -101.359939 -98.013183 -99.249157 -98.994887 -99.153693 -100.013925 -97.062324 -101.493133 -97.679175 -103.684829 -96.479804 -98.056964 -99.530655 -97.545981 -98.490284 -97.259003 
-104.792522 -103.372262 -98.574779 -98.984095 -101.647714 -101.080243 -102.751669 -101.893834 -100.700216 -100.812285 -100.945285 -101.557250 -104.390327 -97.549224 -105.435274 -98.087555 -96.827570 
-101.218232 -100.348956 -100.518883 -98.832000 -99.236332 
-99.629741 -103.753812 -98.642551 -103.942537 -98.493887 -96.790472 -102.202121 -98.476536 -97.397780 -103.916661 -96.302902 -96.222919 -98.248830 
-103.583898 -102.193091 -97.830802 -97.011330 -96.959611 -101.611616 -99.930608 -98.374596 -97.607164 -99.834934 -103.351738 -103.065470 -102.866967 -102.308869 -101.630067 -103.562611 -103.443206 -101.872669 
-101.671608 -97.036369 -99.200679 -104.515542 -103.508607 -100.470013 -103.255713 -99.205416 -100.372329 -100.021485 
-102.871247 -102.345211 -101.359850 -97.004801 -97.193703 -98.578236 -96.895913 -100.692458 -102.579941 -104.203305 -103.134557 -99.952050 -96.875687 -98.163856 -99.855885 
-98.007806 -102.499750 -100.190034 -99.899926 -103.162511 -103.345604 -97.773173 -103.391333 -102.540266 -102.366041 -101.865957 -102.381383 -101.961511 -98.882161 -98.167119 -97.436653 -102.217228 -100.095987 -104.257699 -102.827851 -103.785913 -101.247109 -102.137318 -96.792654 
-99.334883 -97.836676 -96.961982 -104.189134 -100.405220 -101.482521 -99.703843 -103.874330 -101.885398 -100.808920 -97.920918 -99.857622 -102.436105 -102.288681 -100.454340 -97.266561 -102.193681 -100.141850 -98.708637 
-103.855219 -104.449189 -100.697402 -98.361920 -104.611930 -99.095594 -100.507269 -102.628853 -102.818453 -102.912735 -102.031098 -97.259408 -98.948031 -96.837896 -100.571149 -101.219896 -103.781018 -100.530322 -104.369158 -96.608083 -99.054967 -105.173952 -96.846771 
-104.017124 -100.638187 -100.691834 -100.977803 -103.203750 -102.558515 -101.057557 -99.949584 -104.589345 -104.074871 -97.762581 -101.757787 -97.163973 -97.561242 -97.696556 -102.644653 -97.608296 
-98.221558 -98.667822 -104.430539 -103.260436 -103.656713 -99.447692 -103.849974 -98.478529 -103.412666 -105.122076 -97.310093 -102.287457 -103.626172 -102.230151 -98.618570 -103.893512 -96.966307 -105.355399 
-99.828755 -102.871754 -102.738500 -97.943153 -102.581456 -99.503934 -97.685810 -98.816394 -99.813591 -99.606192 -97.081535 
-103.565373 -97.163355 -97.236565 -99.158697 -98.307231 -101.864520 -100.831740 -100.435122 -99.841181 -99.672929 -100.630407 -103.333540 -96.863232 
-100.051442 -102.339193 -105.027972 -99.261575 -102.482434 -100.337727 -101.768230 -105.457632 -102.218954 -97.548244 -102.261500 -96.295196 
-97.590995 -103.830608 
-97.738752 -102.718973 -102.203357 -97.322076 -100.111224 -100.134353 -101.366234 -96.832782 -104.615123 -104.044842 -102.140555 -98.115482 -96.459540 -96.979045 -102.486029 -97.238004 -97.955278 -102.680290 -100.578638 
-104.997159 -99.671451 -96.519095 -99.168011 -99.816190 -104.287391 -97.051013 -101.535007 -101.306027 -105.011548 -98.046289 -104.516633 -105.203699 -98.109672 
-102.114966 -98.221359 -100.560279 -102.547474 -105.273546 -104.887708 -100.488627 -98.644026 -103.161191 -103.199223 -99.467369 -96.634837 -101.282476 -97.913860 -100.067479 -104.147049 -97.926739 -101.210981 -97.791100 -99.187682 -103.197216 -98.473395 -103.474936 -103.758502 -103.154422 -101.798747 -98.899036 -103.774480 -97.261811 -98.238493 -96.493609 -101.739394 
-102.525324 -98.111892 -105.214018 -101.755162 -96.489584 -97.607982 -100.475363 -101.104500 -99.422023 -101.828346 -99.302003 -98.275911 -102.377336 -97.873623 -97.689715 -100.535537 -100.669952 -102.976895 -98.847857 -96.364224 -105.147544 -98.792520 -100.404069 -98.949670 -100.962858 
-99.940154 -104.006698 -96.999823 -99.219001 -96.742200 -97.377914 -97.346001 -100.255499 -101.310047 -100.207222 -103.579328 -100.573099 -103.669391 -99.791947 -99.232305 -101.619100 -99.594013 -102.966422 -101.782313 -97.202752 -102.166416 -101.586794 -105.001084 -102.039541 -103.686697 -99.194405 -102.117633 -102.396412 -99.364125 -102.853813 -96.410572 -99.571072 -100.444280 -96.612656 
-98.445449 -100.776075 -100.373530 -97.274355 -102.595585 -100.634407 -97.585650 -98.054098 -102.147599 -101.917705 -100.758843 -97.002949 -101.232409 -99.226471 -97.548516 -100.717600 -96.721182 
-101.740501 -99.333975 -96.677399 -98.973987 -97.283318 -97.226065 -98.525062 -97.280589 
-101.264530 -99.604330 -97.250219 -100.079309 -97.067869 -97.246766 
-101.397921 -98.768607 -96.864739 -100.018758 -104.643866 -103.165791 -102.064953 -103.189137 -97.454580 -101.480984 -102.662631 
-96.698790 -105.391169 -98.101790 -97.009040 -100.124912 -100.784031 -105.123348 -99.645508 -104.771321 -103.019638 -101.645198 -98.924868 -102.354618 -103.036785 -99.407325 -103.631090 
-101.487860 -100.667996 -101.469549 -98.759836 -101.139228 -98.183697 -96.692722 
-101.741014 -97.906041 -97.504117 -100.383106 -99.509479 -98.423348 -100.538253 -96.466637 -98.936904 -97.982028 -104.093601 -98.262118 -103.649508 -99.477465 -105.212391 -96.442157 -97.200894 -99.720819 -103.099689 
-99.818763 -98.037929 -102.360305 -105.187035 -101.474317 -100.594416 -99.282636 -96.870781 -101.567273 -102.611276 -96.786401 -102.140249 -98.919776 -101.130308 -101.165194 -98.098744 
-101.924017 -103.806222 -101.481946 -104.486279 -101.210522 -102.209336 -100.103176 -98.682924 -102.993122 -102.947209 -104.395797 -105.453667 -100.114461 -102.205191 -97.258667 -102.018345 -101.893065 -102.317559 
-99.426184 -96.818044 -98.613427 -97.561208 -98.816205 -103.995227 -102.130751 -98.486626 -105.256322 -97.325547 -101.883645 -102.866480 -98.716967 -100.207941 
-98.705158 -98.906643 -99.262261 -102.523250 -97.795465 -103.476621 -96.465208 -104.171069 
-97.724828 -99.523362 -99.983203 -104.403806 -97.879196 -98.209365 -102.946772 -104.314143 -99.554236 -96.958579 -96.965244 
-104.080503 -99.869858 -102.419059 -102.207492 -103.645257 -100.486773 -98.386160 -102.106780 -103.895501 -102.055384 -104.234766 -99.098401 -99.528273 -103.487049 
-102.643724 -97.355583 -97.231141 -103.971700 -100.354699 -100.812420 -104.167533 -104.091838 -99.115370 -102.556758 -98.678269 -102.951487 -102.578656 -104.305487 -98.711995 -101.558105 -100.826771 -99.552492 -101.402375 -101.767211 -101.151000 -101.143641 -104.694858 
-99.440757 -96.933349 -101.673802 -104.567227 -100.524952 -99.227868 -102.674592 -97.885079 -105.209803 -97.564727 -100.852748 -104.463130 -105.220461 -101.480674 -103.910939 -98.271079 -97.648742 -101.524062 -98.654004 -101.837654 
-104.070772 -102.041972 -100.460599 -97.071695 -99.856356 -98.244355 -102.560625 -103.710927 -102.512831 -102.154151 -100.325080 -98.780149 -97.572918 -101.749460 -103.190586 
-102.149484 -99.936553 -99.993589 -103.544891 -103.663647 -104.358446 -98.718910 -97.124402 -97.916940 -102.249563 -98.244847 -99.558493 
-104.209044 -99.845265 -99.971950 -98.184528 -103.768852 -98.726836 -96.457589 -101.192487 -103.591753 -96.626748 -96.510430 -101.295906 -97.570810 -104.529648 -97.652562 -100.522271 -100.189613 -96.903652 -100.242143 -99.640888 -101.550006 -103.739455 
-96.779778 -100.442411 -101.139383 -99.506952 -99.154321 -98.518528 -100.260877 -96.733323 -103.689880 -104.630741 -101.008365 -103.503875 -98.952854 -100.671947 -96.866841 -98.772483 
-101.489289 -99.360993 -100.680198 -97.535713 -98.120443 -101.131632 -96.628821 -98.876014 -102.694066 -99.570124 -100.324032 -96.799949 -96.383091 -98.640288 
-101.266536 -97.473831 -105.437986 -102.709669 -100.321394 -103.266174 -98.830115 -100.832663 -99.762399 -100.018022 -101.860553 -99.841742 -103.550597 -96.277855 -99.494548 -98.066197 -101.457111 -98.858729 -97.382148 -97.536466 -97.328729 -100.283517 -101.150435 -99.535491 -102.113836 
-101.308829 -102.005071 -104.693517 -104.781816 -99.492287 -102.571266 -100.122152 -100.295585 -101.135069 -100.741485 -103.665103 -100.739358 -100.922853 -96.631319 -96.788550 -96.174239 -103.432894 -99.280973 -96.174316 -104.196374 -102.237229 -98.994134 -96.571953 -99.089258 -101.820817 
-98.571323 -101.093330 -102.341328 -97.230428 -98.749956 -102.144325 -98.363732 -96.824792 -100.493537 -98.707761 -102.234530 -100.586330 -98.061430 -100.396570 
-101.272386 -99.666061 -98.971726 -98.924038 -99.180409 -97.006661 -100.522161 -98.576785 -98.741709 -101.212225 -101.118187 
-102.217500 -99.190016 -100.752341 -102.359789 -102.188010 -101.671358 -102.840388 -100.112138 -100.314264 -102.056490 -101.453394 -97.720135 -101.471216 -97.243958 -101.092537 -103.360813 -98.946729 -98.293238 
-100.857796 -96.943496 -101.529079 -101.778719 -100.703702 -100.749168 -100.202237 -105.160441 -99.607161 -101.097783 -101.730530 -96.928544 -102.889037 -98.943627 -99.815406 -101.892920 -102.080913 -97.934729 -104.027725 
-96.604029 -100.607260 -101.015522 -99.268123 -100.370131 -96.912220 -101.173048 -101.701188 -98.598836 -96.494152 -100.469072 -102.327790 -97.106070 -99.878418 -103.178043 -97.794996 -100.823818 -98.430993 -97.869506 
-100.571754 -102.526244 -101.080368 -100.719928 -102.511267 -100.547570 -100.645361 -101.416702 -103.467618 -99.006774 -99.309285 -102.567975 -104.762953 -101.468132 -100.676404 -100.834469 -98.729223 -97.588996 -98.203660 -97.278554 -100.709592 -101.836863 -99.358835 -104.900504 -96.422613 -96.860013 -103.482600 -103.194263 -97.922988 -104.166233 
-102.354413 -99.946352 -98.207120 -102.135969 -101.657915 -102.825350 -104.077286 -100.878011 -98.371074 -97.977616 -103.391311 -97.628864 -104.732233 -99.755805 -98.384796 -100.562107 -100.483030 -100.348270 
-99.923872 -100.054705 -102.551604 
-98.889575 -102.865553 -98.224951 -97.495737 -98.803866 -97.644217 -102.905450 -105.351754 
-98.769331 -98.570878 -98.163157 -101.035037 -101.126238 -99.696698 -102.538008 -96.562801 -101.415170 -105.256491 -102.535720 -97.242561 -101.607779 -98.725400 
-99.825925 -103.084749 -99.514377 -101.924827 -98.101230 -100.265972 -102.868338 -100.543744 -97.322428 -97.233840 -100.043689 -97.988047 
-98.202958 -97.158156 -103.019512 -104.178514 -98.563144 -98.286660 -101.702052 -99.056813 -100.927758 -100.379426 -104.847971 -99.830254 -98.265560 -99.746525 -100.206917 -101.474588 -104.576139 -97.153647 
-102.356441 -99.077851 -97.485975 
-104.075752 -101.095157 -103.144489 -99.936413 -98.760379 -97.560061 -102.927650 -104.159107 -97.662720 -102.432599 -103.545250 
-101.455275 -101.288352 -101.169127 -99.584706 -102.753252 -100.067528 -100.440608 -98.732174 -101.402409 -97.740688 -97.471826 -103.820350 -97.007486 -103.945549 -98.754660 -96.194297 -98.571188 -100.220821 
-100.470795 -99.753640 -97.526149 -103.822372 -102.631985 -101.043984 -99.972287 -98.330082 -97.200381 -97.354367 -103.624637 -100.992678 -104.125675 -100.705258 -99.037776 -101.940524 -98.565755 -100.885856 -101.341140 -103.492263 -103.962979 -98.256345 -99.345963 -102.193767 -96.494848 -96.984484 
-96.650977 -103.735507 -99.498590 -104.166089 -103.614394 -100.057355 -99.934434 -96.194581 -101.141839 -99.010828 -102.452323 -100.121224 
-103.291345 -102.023559 -100.201114 -100.402514 -99.371812 -100.242368 -102.454329 -98.858682 -98.502354 -104.808523 -102.208402 -104.651443 -100.724364 -96.740482 
-100.745634 -102.786674 -99.289415 -100.583866 -98.935590 -99.185009 -99.876200 -100.282044 -96.766679 -97.091935 -97.121054 -96.512163 -103.773511 -104.453660 -103.551103 
-96.604447 -101.805896 -100.828806 -99.653076 -96.908078 -98.500392 -102.875933 -104.530751 -102.114497 -101.112167 -102.340563 -102.848487 -100.982389 -98.383338 -98.852864 -97.244637 -98.983845 
-103.615889 -105.041878 -104.570021 -102.625166 -100.584763 -103.711293 -97.226894 -101.592483 -100.260774 -99.686891 -101.161204 -100.425440 -96.297929 -101.750525 -101.760744 -102.469698 
-101.822849 -100.015487 -98.268004 -104.442960 -104.941263 -103.457912 -105.485239 -99.029742 -99.035138 -100.423447 -100.899943 -97.856018 -97.751496 -96.870967 -98.969681 -99.730951 
-101.558402 -102.099372 -98.596319 -104.412029 -100.785876 -99.164686 -97.075604 -96.613476 -98.729971 -101.267563 -98.551761 -102.644158 -102.611455 -103.089007 -101.905919 -102.131819 -98.007578 -96.942815 -102.613543 -103.689021 -100.960872 
-103.209647 -100.140997 -102.049731 -96.386945 -97.200497 -98.473656 -96.678687 -104.423236 -99.004185 -101.165192 -103.722914 -104.204628 -100.588659 -105.213717 -104.115242 -102.799135 -99.145457 -101.575605 -97.490042 -103.486316 -97.983921 -99.257203 -103.895939 -97.857140 -104.210481 -100.447289 -103.937144 -103.831607 -99.706432 
