20.390195 20.387475 19.463416 18.328337 19.863539 19.372056 20.036209 18.542965 20.233053 19.168749 19.419258 18.984074 19.327375 19.266171 18.784269 18.335390 20.304016 19.763852 19.087312 18.332163 20.491945 19.387441 18.982357 18.979726 18.394175 19.962232 19.074234 18.663597 19.858265 
20.247686 20.057503 20.389954 20.164196 19.179988 19.833742 19.219214 18.346552 18.984107 18.706036 18.480724 20.524298 19.436686 18.489203 19.464101 20.365804 20.539503 19.251472 18.933656 19.377862 
19.172924 19.656025 20.567911 19.369674 19.196155 19.432719 20.287755 20.015319 18.437823 19.507683 20.257128 18.937502 18.396982 19.939650 18.807805 20.316620 18.788704 19.490647 19.214505 
19.003397 18.591365 19.309637 19.757912 20.642372 20.208826 20.104672 18.734619 19.382758 19.059274 18.965964 20.165033 19.886194 20.347973 20.086992 20.409114 18.558787 19.079878 18.735506 19.872832 20.449591 19.755116 18.690529 18.723302 20.281682 20.145492 20.437249 18.996544 19.710876 20.008416 19.907191 20.485657 20.505313 
20.321222 18.859179 18.461364 19.326312 18.854142 18.893012 19.114242 18.737234 20.597099 19.395059 20.037278 18.779572 18.640156 18.737799 18.392551 18.942286 19.544834 19.802741 18.496581 19.327114 18.676465 19.494846 19.445117 
20.342782 20.556485 19.739196 20.527620 20.648295 19.994895 20.190478 20.329168 20.430157 18.607477 19.910260 19.224584 19.889001 19.489417 18.980668 19.680218 20.375685 19.599456 18.566404 18.422961 19.495382 19.148516 19.030510 19.793837 18.626571 20.099561 20.176086 
20.443973 20.040178 19.862980 18.365386 20.082327 19.674503 20.081237 20.292848 19.947581 18.788057 19.632704 19.408116 18.464972 20.049766 18.598367 19.012080 20.038658 20.192058 20.162961 20.142438 
19.021398 18.680538 19.972980 19.964301 19.476733 19.483680 19.406837 20.158043 20.058111 20.227066 19.140735 18.534127 19.478841 19.573431 18.356766 18.678899 
20.569655 19.276194 18.839614 18.824484 20.403747 20.249271 19.099988 18.369740 19.858382 20.359310 18.691158 20.440232 20.089698 18.781599 19.168258 19.618198 18.620601 20.161886 19.746579 
19.739420 18.493707 20.183817 18.878237 19.571187 20.145452 18.383087 19.175336 19.627643 18.388179 19.281360 19.598156 19.658954 18.461041 19.942199 18.818064 19.927966 19.372128 20.219416 18.761831 20.010543 18.497248 19.328557 18.718679 20.638349 18.985739 19.221344 19.909973 20.111492 20.338031 19.235413 20.362067 19.932672 20.567120 
18.646579 19.170857 20.092727 20.425089 18.348703 19.076775 
19.410993 19.288485 19.008731 20.057398 20.113031 19.563919 19.396656 19.334801 18.781552 20.483002 19.923757 20.511653 19.920113 20.568596 18.563452 20.628968 18.531519 19.053522 20.176342 18.808819 18.867065 20.075129 20.134160 19.258445 19.720639 18.549145 
20.081653 18.874277 19.499193 20.347423 18.441503 19.979119 18.838505 19.662980 20.618835 19.552641 18.622991 19.143424 19.892361 20.235860 19.894632 20.025355 18.675820 19.945324 
20.331441 19.144483 18.668317 19.780493 19.504612 18.431647 20.153723 19.754513 20.228008 20.397765 19.690434 19.877131 20.195643 20.477620 19.077235 18.441373 19.033204 20.187736 18.357168 20.558655 20.321833 19.457945 18.648681 20.081077 20.273677 18.954101 18.418530 20.499600 
18.788979 20.161500 19.874392 18.845064 19.390691 19.890642 18.532291 18.951280 18.744555 18.521548 19.268509 20.094985 20.180224 20.388499 18.609980 20.488724 20.395790 20.403496 19.799185 19.289046 18.535468 19.190845 19.671824 18.438625 18.960723 19.018151 
18.327488 19.287336 19.889145 20.440200 20.422698 18.825230 19.637584 18.810942 19.425265 19.360881 20.451519 19.031797 18.521836 19.633543 19.057878 19.434503 19.594878 19.719289 
19.685733 19.941432 18.440766 19.620838 18.421403 20.586519 18.444514 19.658837 18.602307 18.552140 20.372345 18.724145 19.722593 19.328902 20.454352 20.342003 19.579633 
20.173085 19.452599 19.088298 20.542517 19.656092 20.097085 18.782087 20.577221 
19.701316 19.576861 19.452959 19.591512 19.522488 20.214349 19.027258 19.163910 19.864155 20.531651 18.351879 20.418317 20.031852 20.001004 20.132554 20.415373 20.102867 20.525835 19.701127 19.368502 20.312754 18.727244 20.335140 20.042023 18.674758 19.500026 19.029669 18.449714 18.752015 18.597060 18.962183 19.745996 18.509468 19.207021 
18.545311 20.183134 20.291935 18.913865 20.605093 18.399299 19.192032 19.915274 20.548798 18.482185 19.653386 19.688821 20.606599 
18.974063 20.185079 19.974760 19.200787 19.484821 19.414261 18.678683 18.550805 18.985640 19.569492 20.072078 18.414621 18.507720 19.862847 19.081387 19.182215 18.352676 18.912393 20.262254 19.840240 20.406094 20.401390 19.999752 19.033932 
20.108176 18.744569 20.313316 19.436438 18.654211 19.734557 18.864769 19.285103 19.205361 19.984267 18.921881 20.547215 19.846736 19.479986 19.153814 20.606589 19.843073 19.787090 19.595840 19.673416 19.388647 
20.449019 19.621551 18.558440 18.411300 19.654522 18.510022 18.668952 20.490267 18.543776 20.409961 18.532419 18.694670 20.638263 19.277562 20.017458 20.035000 19.112755 18.709189 18.335491 18.570622 18.977941 18.960319 18.750670 
18.432973 20.140246 19.875934 18.809333 19.216250 19.689554 20.149224 19.854913 19.199461 19.336118 20.459205 19.120912 19.204129 20.503469 20.330336 
20.356992 19.927662 19.418131 19.039856 20.021385 18.441060 
20.339086 20.571951 20.434611 20.630643 19.246774 19.536546 18.819615 
19.410693 20.428047 19.785896 19.319652 18.958350 20.178347 19.744631 19.153061 20.152088 20.314541 19.795870 19.353613 20.045588 18.769566 19.461015 19.731535 19.072092 18.619529 19.308936 19.171151 
19.163596 19.678797 20.464677 19.490564 18.951291 18.509937 19.394149 19.426088 18.642488 20.278558 19.008360 20.426353 19.510461 20.505159 19.104372 19.702479 18.910195 20.464173 19.060674 19.169747 19.370503 
18.668118 20.444782 19.992745 19.057499 19.062321 20.453803 20.329597 19.265137 19.799577 19.423740 18.836641 19.088340 20.462578 
19.996246 20.391554 18.366990 20.272003 18.818051 19.546369 19.143119 18.341520 19.194361 18.533685 19.532238 20.199148 18.815977 19.271162 19.149859 20.225015 20.002474 18.519703 18.992602 20.110499 19.624744 18.705886 18.334896 
19.946373 18.932855 20.538404 20.027590 20.146592 20.202194 19.599093 19.511827 19.443049 19.528338 19.329695 19.070857 18.527409 20.337571 18.352634 19.733581 20.174156 20.618719 20.051891 18.991534 20.212567 18.964786 18.577810 20.433094 19.663107 19.355289 18.938658 20.222931 
19.738193 19.825604 20.194468 20.130266 19.231174 18.458675 19.828334 20.637077 19.977344 19.124516 18.865948 20.638242 20.202980 19.919953 20.343982 18.599061 19.623316 18.863769 
18.715004 18.717189 19.062470 19.596005 19.062659 18.346069 20.440400 19.449413 19.139581 19.493182 18.792164 18.552681 20.012507 
19.719854 18.727200 20.340449 19.154046 19.341348 19.153639 20.206672 19.909987 20.164256 19.613108 18.329765 18.836942 19.610679 19.948317 19.462775 19.249016 19.068753 20.572781 20.099259 20.429489 
19.580989 20.002161 20.593079 19.861680 19.069232 18.350826 20.438157 20.022574 19.687841 20.293614 18.462803 18.984098 19.179401 18.610211 20.371296 19.922618 19.268495 
19.902914 18.826749 18.530360 19.931349 19.046320 
18.804767 20.082241 18.672773 19.573076 19.414686 18.399832 20.477338 18.462185 19.329330 19.760636 18.520513 18.723432 18.937657 
20.289323 19.742815 19.032813 19.830408 20.400282 18.333667 19.176570 18.882272 20.021610 18.389756 20.023253 20.089802 19.967002 20.284398 20.398632 18.677017 18.459714 19.476055 
19.745186 20.461804 18.408171 20.373948 18.816520 18.804861 19.602232 20.019243 18.793786 20.259023 
19.424719 20.569960 18.445426 20.365537 20.155899 20.517721 19.643510 18.787833 19.718613 19.255790 19.951209 20.432545 20.158889 19.447320 18.685784 
18.973923 19.560642 19.527197 18.680545 19.516311 18.709651 20.037839 20.522213 18.774334 19.274808 20.279296 19.593816 18.924108 20.489905 18.863202 19.450810 18.775667 18.402609 19.327488 20.086096 20.051926 20.579421 19.214590 19.129996 
18.967442 18.564427 20.390059 19.826242 20.313255 19.636647 19.580356 19.056647 19.800427 20.494537 19.489476 18.761190 19.139810 20.283058 18.501144 19.160364 19.405003 19.097133 20.312757 
19.283778 19.296973 20.625892 19.257721 19.593254 18.496733 19.217189 19.946364 19.924337 19.311958 19.709556 18.689875 19.851988 19.382564 19.632639 19.776139 18.826768 18.664075 20.340657 19.343252 19.638273 19.970585 19.344807 
19.566566 19.349163 20.367466 20.421640 19.876390 20.599746 20.075131 19.543136 19.214893 19.113876 18.542358 19.787399 19.626119 19.876109 20.198819 18.575648 19.626594 
20.031184 19.207346 19.916279 18.591109 20.617931 19.649617 19.867793 19.169057 18.468293 19.788054 18.388902 19.072990 19.217799 18.559282 18.840262 19.196193 19.674204 20.194459 
18.716903 19.523417 19.268817 19.908141 20.388221 19.363432 18.600491 20.328153 18.334593 18.958954 18.912229 
19.343253 20.448677 18.632119 19.908324 18.555319 20.297856 20.521814 20.408418 19.396339 19.953424 19.007992 19.988412 19.898056 
19.764273 19.502651 20.563713 20.138886 20.150643 18.413678 18.824163 20.057214 19.724367 20.550773 19.304871 18.547346 
20.170718 20.234774 
18.733096 19.276555 19.260675 18.822967 19.349078 20.130961 19.614681 20.088035 19.697956 20.118762 18.396478 20.276601 19.607368 18.652353 19.532528 19.201983 19.435387 19.026436 19.129053 
19.927981 18.598338 19.725543 20.457216 19.382150 19.311654 18.459315 19.500149 19.145271 20.339445 19.820896 19.899862 19.993836 18.832311 
19.238073 18.885815 18.915724 18.374164 20.301711 20.432629 20.375817 18.716326 18.456761 19.534840 18.622598 19.143070 19.286554 19.586284 19.203919 19.358816 19.467991 19.571828 18.483059 20.128563 20.256193 18.624430 18.359748 20.239824 20.534504 18.637433 19.218251 20.023031 19.510066 18.439088 18.369902 20.282636 
20.247995 19.137486 20.612079 18.655599 19.755033 19.202429 19.022675 18.821711 20.623757 20.405406 18.708125 19.620006 18.876367 20.595665 20.020841 19.648345 18.883408 19.003224 20.222483 18.731535 20.405255 19.795572 18.700396 18.722863 18.746228 
20.442415 19.443869 19.256913 19.120294 19.829333 20.606409 19.237161 18.764839 19.662143 18.326908 18.826251 20.422953 20.111693 19.114519 20.205208 19.789921 19.228453 18.629668 19.995113 18.577394 18.576174 19.211346 20.250795 20.238479 19.468895 20.002232 19.312971 19.118148 20.137892 18.786987 18.497493 19.835758 18.423638 18.356332 
20.448480 19.998406 20.548415 20.181764 20.392972 20.030542 19.922356 19.243149 19.504417 18.711366 20.009166 19.406388 18.411942 18.893002 18.747037 19.240267 19.099175 
20.294546 20.635544 18.819833 19.079151 20.336759 19.208338 19.737490 18.448862 
20.009892 19.015939 18.399494 20.072423 20.014433 20.361067 
20.296742 18.935378 18.440062 19.597028 19.794239 19.422646 20.242021 20.477029 20.008287 20.465520 18.517984 
19.826269 20.293834 20.122981 19.838268 20.048145 20.182121 20.552509 20.487378 19.816857 20.383138 18.697437 20.049593 20.614166 20.231994 19.916355 18.550244 
18.825140 20.063662 20.183500 20.232054 18.825454 20.629064 19.998293 
19.592511 18.956813 19.518620 18.914041 18.755889 19.789138 18.456086 19.562139 19.037966 19.910593 20.637147 18.830901 20.114729 19.418662 19.842811 19.331234 18.668595 20.313277 18.691012 
20.593571 18.847677 20.257417 19.998150 18.632853 19.326027 18.488360 19.232479 19.591608 20.427014 18.660460 19.820914 19.899019 19.553395 20.279447 20.388663 
19.274886 19.944138 19.130591 20.430838 18.520531 19.606398 19.478528 18.392568 19.026627 19.123297 20.461840 20.022930 20.437746 19.758486 20.138397 20.080163 20.211077 18.559781 
18.813465 20.008729 20.356912 19.920197 20.275342 20.417412 19.356218 18.936579 19.921192 18.353927 20.002595 20.513241 19.613461 20.223431 
18.431511 20.443863 19.234559 18.958482 20.292780 18.536176 19.245759 19.890772 
19.367318 20.199451 18.956836 20.031623 20.273608 19.498843 20.356448 19.742955 18.550621 18.551795 19.856303 
19.509984 19.363822 20.469934 20.151236 19.538472 18.992060 18.861241 19.796865 19.597243 19.156265 19.704377 18.595063 19.809775 18.722336 
20.486870 19.980800 19.839523 18.959063 19.655825 19.579403 19.124013 19.052717 19.615015 19.468204 20.225545 18.620491 20.195197 20.276142 20.257305 19.236886 18.843891 20.383424 19.360711 18.845744 19.188641 18.934599 19.546977 
19.511386 19.611066 19.950979 20.289102 19.304306 18.966495 19.688325 20.579500 19.958384 20.031223 19.108882 19.515091 20.628085 19.203992 19.279794 19.561285 18.386921 20.571894 18.724051 18.689934 
19.089801 19.876319 19.296252 18.551962 18.932704 19.111365 19.428706 18.963078 20.194796 20.551841 19.327920 20.224811 18.622602 20.195456 18.904591 
18.993789 18.427473 19.471009 19.084375 20.251753 19.459645 19.339634 19.008299 20.241806 18.792682 18.796448 18.527399 
19.177351 19.515881 18.676324 20.127145 20.236577 19.026873 19.059656 20.433163 20.638625 18.563383 18.918463 18.393052 19.008849 19.460092 20.019360 19.298059 20.127319 18.866054 19.765815 19.289735 18.983113 19.138695 
18.487377 19.091601 18.579557 19.048420 19.489314 20.376653 19.402856 18.560613 20.259378 19.876469 19.249532 20.449912 18.811005 18.822559 20.147795 19.620419 
19.590042 19.241215 19.898793 19.470201 19.528883 19.900006 19.988888 19.153277 20.130284 18.669173 18.525300 19.656719 18.688552 18.793313 
20.172425 18.599215 20.107266 18.879980 20.458231 19.406366 19.881695 19.976358 19.913692 18.396274 18.713350 18.985515 19.407273 19.225219 19.737795 18.516544 19.024459 18.923681 19.660907 19.305655 20.033899 19.859727 19.257499 20.076706 18.803089 
18.684135 20.604098 20.009770 19.781765 18.427834 19.844409 18.495659 18.606396 19.947804 19.532047 18.920144 19.665637 20.624069 18.760594 19.191599 19.132694 18.884363 19.399329 18.866454 19.415749 19.945770 18.545767 19.516883 20.014843 19.219444 
19.198159 18.866648 20.087297 19.234182 19.609820 18.940485 19.195784 19.333798 19.292796 18.836786 18.820097 19.425301 18.918718 18.812542 
19.722670 20.221907 19.241236 19.222378 19.524245 19.335631 18.441845 20.068833 19.327853 18.661931 19.226979 
19.453291 18.605294 20.330650 19.002875 18.613306 18.955792 18.340774 19.166867 20.160755 18.915200 18.820115 19.514922 20.416539 18.336072 18.350980 18.591249 20.371180 20.238391 
19.773817 19.252873 18.918894 20.468969 19.754285 19.745211 20.081630 20.229112 18.826093 18.434569 19.935159 18.430520 18.450817 19.654400 19.336811 18.564825 19.791713 19.328268 19.349208 
19.980952 20.069260 18.804051 20.382266 20.388580 18.935774 18.721653 19.722966 20.442551 19.385341 19.753252 19.847774 19.569361 19.322935 18.601410 20.043517 19.286144 19.501338 20.622523 
20.413454 19.630307 18.396361 18.529692 18.580705 19.053494 19.777985 20.134276 20.059998 19.178166 19.698104 19.748770 20.353898 19.477100 20.396932 20.131040 19.915119 20.197506 20.432909 18.797288 19.910484 20.363118 19.829390 20.331171 18.441170 19.151366 20.175811 18.951519 19.429344 19.533343 
18.858087 18.365152 19.108153 20.256443 18.558893 19.970950 20.581875 18.665181 19.281286 19.301611 20.589658 20.239806 20.415537 20.556193 19.309666 18.706339 19.227697 19.181588 
20.069319 19.420784 20.036781 
19.165665 19.000006 18.810338 20.154046 18.987157 18.915624 18.977513 20.284751 
20.062810 19.173260 18.490310 20.194991 19.852431 20.308247 18.676394 18.689521 19.535623 19.857110 19.161001 19.912785 18.915038 19.489126 
19.543523 20.299792 20.101379 20.083508 19.005342 19.268934 18.949801 19.103729 18.370808 19.301362 18.861810 19.328065 
18.905729 20.189935 20.013244 19.659196 19.085860 20.592631 19.388870 19.213175 18.984185 19.617744 20.584127 19.136570 18.352709 18.808870 19.667992 19.789518 20.236570 19.271099 
19.256492 19.872181 18.816857 
19.004822 19.380788 18.691456 19.918367 18.395370 19.663533 20.086153 19.424866 18.763680 20.311970 19.122026 
19.644463 20.290412 20.520984 20.551243 18.420651 20.263200 20.282382 18.527588 19.740814 20.192375 19.373698 18.810998 19.596658 19.929743 20.055736 18.957309 19.327359 18.816452 
18.947761 18.437259 19.070651 19.322081 18.962516 18.730638 20.122324 20.425381 20.631227 18.364430 19.843083 20.399501 19.897523 20.454118 18.988056 20.339100 20.547712 19.002294 18.561277 20.490354 19.605139 19.530133 20.154496 18.517115 18.318885 20.306816 
18.535426 19.558875 18.504753 20.165296 18.543009 18.472997 19.358388 19.204771 18.761810 20.051422 20.508372 18.955667 
18.702546 19.541278 19.998119 19.448502 18.701663 18.741188 18.555025 19.297997 18.806996 20.460919 20.132089 19.259590 19.477989 18.992080 
18.913633 19.734423 20.605900 20.618898 19.088528 20.326435 19.405224 20.041286 19.683903 19.515748 20.369728 19.040429 19.655322 19.443162 20.470539 
19.415603 19.059693 18.824568 18.806785 19.052281 19.025178 19.992402 19.951644 19.293499 19.996261 18.412558 18.449280 20.232476 20.509310 19.690808 19.996144 18.370201 
20.628061 20.323039 19.844583 18.685916 19.558646 19.978936 19.889104 19.569224 20.022916 18.330104 19.335618 20.247718 18.345219 19.253818 19.423699 20.313072 
18.862541 18.800549 20.591143 20.360403 19.731805 19.796075 20.002970 19.176596 20.511180 19.541179 20.437259 19.072859 18.399627 20.282537 20.587715 20.073604 
20.083255 19.494769 19.605721 20.259361 19.818713 20.239464 18.718908 18.799494 19.822534 18.720528 18.823365 19.447916 20.094082 19.447271 20.255310 20.413791 18.852966 19.043954 18.921830 18.964295 20.431816 
20.192279 18.915235 19.402142 18.574398 19.545458 19.549576 18.662854 20.141503 19.286265 20.100017 19.069011 20.186071 19.381002 20.414352 20.594280 20.426100 20.426845 19.931007 20.066041 18.451624 19.854229 18.531680 20.036922 19.383810 20.279704 19.789613 19.162395 20.285816 19.900859 
