  92.559468 1604.576224
  70.598275 1602.070883
  65.634625 1600.233572
  47.272094 1602.110606
  97.477032 1600.869489
  76.956896 1593.482312
  83.684931 1600.139630
  46.558619 1600.892339
  73.783429 1603.631387
  84.887153 1603.639266
  57.129474 1604.889430
  90.560970 1598.908429
  71.999848 1602.405644
  80.732190 1598.162365
  55.780384 1603.022536
  67.730380 1594.198817
  48.910044 1600.979614
  66.324573 1604.756211
  37.171563 1605.228193
  54.151308 1601.790182
  74.488953 1596.514265
  73.975187 1598.413561
  55.637274 1603.692580
  68.236195 1602.807546
  67.270973 1600.985373
  42.630687 1599.085035
  63.601531 1602.130386
  60.418429 1598.568851
  64.967915 1602.947530
  86.162887 1599.219823
  65.496277 1601.347948
  65.195145 1597.698754
  52.680440 1605.621600
  54.247192 1598.687174
  57.458638 1604.299171
  38.091220 1595.271744
  60.259913 1598.103243
  64.155974 1604.350851
  58.171981 1601.862490
  63.056710 1600.981895
  66.019924 1600.838902
  62.880467 1599.472438
  48.682078 1604.303149
  42.010310 1602.296266
  86.720996 1603.857732
  29.987181 1601.156869
  50.040136 1603.235948
  60.220693 1603.924442
  60.053732 1600.246750
  99.182334 1599.921973
  81.174577 1603.191848
  41.638767 1604.806063
  62.600692 1605.168026
  74.619355 1600.249485
  76.135635 1603.668405
  68.259443 1598.546795
 111.266854 1600.271783
  59.039406 1600.861101
  75.640694 1603.137992
  54.781203 1596.771964
  51.032541 1598.573627
  45.735620 1603.572905
  56.354432 1604.032044
  63.368252 1601.140310
  75.244647 1600.127332
  79.933886 1599.427709
  63.764950 1598.141955
  42.231784 1603.521250
  38.880223 1605.752177
  41.967373 1600.202328
  40.563328 1599.152357
  49.373081 1605.398978
  32.790573 1595.960530
  56.585341 1601.331954
  41.680011 1601.206868
  45.602135 1597.114334
  44.822647 1602.110524
  92.023917 1600.105831
  53.900868 1605.762353
  46.758937 1604.218257
  66.637598 1602.565519
  48.895802 1599.101927
  44.504984 1599.659491
  59.654163 1602.974222
  88.843659 1600.843789
  98.002255 1597.790695
  48.519285 1603.818650
  47.746176 1601.495461
  54.930695 1602.389164
  57.103454 1600.455943
  55.969401 1600.628434
  73.897280 1606.540795
  97.123668 1595.818053
  85.088281 1601.976541
  90.789397 1602.686042
  86.602661 1601.519912
  87.948856 1604.561188
  87.441186 1604.866859
  65.919923 1602.600453
  75.119582 1599.742021
