  0.595414   0.337611
  0.839681   0.696285
  0.370986   1.084875
  0.313789   0.693401
  0.835963   0.337823
  0.583731   0.269868
  0.579559   0.449739
  0.536664   0.529376
  0.790213   0.340529
  0.608153   0.172865
  0.279988   1.650986
  0.684072   0.302149
  0.799553   0.324302
  0.712769   0.341269
  0.597072   0.514814
  0.724631   0.323615
  0.384814   0.662183
  0.426249   0.216094
  0.630209   1.317072
  0.631392   0.490844
  0.462652   0.490229
  0.529476   0.946192
  0.521862   0.613294
  0.703457   0.420937
  0.968414   0.489170
  0.947224   1.298011
  1.037759   0.667935
  0.676366   0.297297
  0.736658   0.353370
  0.757721   0.773371
  0.552391   0.623043
  0.700855   0.406923
  1.106464   0.721954
  1.244815   0.692689
  1.403481   0.585076
  0.788915   0.814910
  0.652617   0.850350
  0.855361   0.339333
  1.118740   0.581755
  0.732759   0.386700
  0.632193   0.704329
  0.757858   0.372315
  1.197549   0.568680
  0.954468   0.716799
  0.752311   0.571890
  0.519564   1.005657
  0.632236   0.669558
  1.141757   0.777238
  1.229351 112.388127
  0.739196   0.193156
  0.387282   0.658664
  0.527440   0.448269
  0.775624   0.576362
  0.511937   0.674017
  0.839255   0.595479
  1.438531   0.466264
  1.102922   0.578272
  1.389974   1.943070
  0.969542   1.144107
  1.070962   0.298518
  1.258750   0.303885
  0.894843   0.524861
  0.456942   0.679211
  0.863653   0.330213
  0.533668   0.698231
  0.714967   0.916287
  0.413093   0.460973
  0.186439   0.949581
  0.783437   0.942052
  1.019780   0.365859
  1.044634   0.417802
  0.883059   0.553233
  0.902081   1.515217
  0.622906   0.477749
  0.823976   0.947625
  0.943678   0.423398
  1.188877   0.505698
  1.212442   0.477100
  0.611583   0.417866
  0.883909   0.410618
  0.841471   0.476554
  0.278004   1.107653
  0.779869   0.375406
  0.796363   0.913690
  1.008562   1.080822
  0.878811   0.968130
  1.180169   0.383227
  0.827869   1.007582
  0.848742   0.717653
  0.842119   0.774745
  0.877643   0.468884
  0.763393   0.490292
  1.071260   0.468824
  0.890266   0.192793
  0.701385   0.409907
  0.801709   0.241598
  1.003915   0.656820
  1.082328   0.610402
  0.885951   0.434901
  0.782191   0.234958
