0.000000 0.025637
0.000000 0.052091
0.000000 0.038508
0.000000 0.044022
0.000000 0.021751
0.000000 0.065160
0.000000 0.028277
0.000000 0.375748
0.000000 0.014271
0.000000 0.033679
0.000000 0.035021
0.000000 0.037106
0.000000 0.012508
0.000000 0.025406
0.000000 0.066245
0.000000 0.031119
0.000000 0.100323
0.000000 0.031658
0.000000 0.079712
0.000000 0.026655
0.000000 0.020067
0.000000 0.045273
0.000000 0.080088
0.000000 0.030603
0.000000 0.025715
0.000000 0.139273
0.000000 0.053979
0.000000 0.097066
0.000000 0.035073
0.000000 0.024335
0.000000 0.041577
0.000000 0.048500
0.000000 0.034417
0.000000 0.037009
0.000000 0.064431
0.000000 0.057787
0.000000 0.021313
0.000000 0.062468
0.000000 0.094823
0.000000 0.030233
0.000000 0.032711
0.000000 0.052528
0.000000 0.067667
0.000000 0.133122
0.000000 0.026582
0.000000 0.212696
0.000000 0.039671
0.000000 0.029368
0.000000 0.075238
0.000000 0.014125
0.000000 0.022539
0.000000 0.038075
0.000000 0.065574
0.000000 0.028887
0.000000 0.028661
0.000000 0.074265
0.000000 0.014775
0.000000 0.035073
0.000000 0.029647
0.000000 0.023072
0.000000 0.032832
0.000000 0.084665
0.000000 0.141582
0.000000 0.040673
0.000000 0.025573
0.000000 0.028261
0.000000 0.040928
0.000000 0.086953
0.000000 0.139677
0.000000 0.106478
0.000000 0.164072
0.000000 0.048789
0.000000 0.048509
0.000000 0.059647
0.000000 0.142617
0.000000 0.067960
0.000000 0.111709
0.000000 0.056341
0.000000 0.079996
0.000000 0.048871
0.000000 0.058252
0.000000 0.068813
0.000000 0.047542
0.000000 0.023929
0.000000 0.014545
0.000000 0.013377
0.000000 0.098279
0.000000 0.109572
0.000000 0.024787
0.000000 0.170957
0.000000 0.035197
0.000000 0.030556
0.000000 0.035525
0.000000 0.022472
0.000000 0.016524
0.000000 0.029313
0.000000 0.022207
0.000000 0.017826
0.000000 0.040416
0.000000 0.038238
