19.717773 19.058606 18.844422 19.985158 19.679156 18.542756 19.144395 19.401470 20.353571 19.315374 20.322628 19.565254 19.425847 20.167947 20.440880 20.291488 19.188356 19.740848 18.697642 18.800101 19.357026 20.198566 18.531416 20.527085 18.612945 
19.174097 20.235954 19.145401 18.521326 19.770535 20.014188 19.425804 19.671193 20.102734 20.345985 19.890713 19.864935 18.948402 20.003653 20.127942 20.485021 
20.033568 18.503919 18.679405 20.604339 19.585624 19.732250 19.517208 20.304762 19.828015 18.943217 18.691091 18.918302 20.188299 18.384296 19.071017 20.144309 18.698591 
19.318047 18.550714 20.224160 19.872636 18.449806 18.777590 18.878622 19.666816 19.947961 19.168478 20.083079 
20.411464 18.942644 19.006875 18.742328 20.476871 20.293315 19.827886 19.897279 19.223426 19.741698 18.864780 19.495231 18.861592 18.598266 19.476979 19.338595 19.257813 18.747517 19.768239 20.545766 18.636700 18.997025 19.970247 19.805002 19.866164 18.720916 18.980244 20.124791 
19.119553 20.186400 19.215947 19.795717 19.918436 18.646155 18.904122 19.720968 19.386133 19.378809 19.016737 18.819754 19.884247 20.036840 19.860999 18.843484 
19.130592 20.314323 18.802762 20.235760 18.557467 19.876765 19.334237 19.842581 19.900553 20.209744 19.313220 18.996564 19.730890 19.076550 19.266669 20.209734 20.259016 20.425314 18.368095 18.486353 20.025609 18.922869 19.159061 
19.837344 19.778368 18.733176 18.895656 19.327257 20.014340 
18.860829 18.676737 20.341545 18.903520 19.955921 20.588447 20.138308 20.479429 20.239697 19.478694 18.603804 18.659256 18.910845 20.405466 19.728988 18.503653 20.226827 20.480571 18.936666 18.680292 20.118769 
20.037264 19.930356 19.241471 19.747307 18.658104 18.403446 20.334481 18.584298 18.340659 20.335890 18.510325 20.363697 19.567716 20.047145 20.239010 19.986641 
19.870592 19.464017 18.586805 19.226336 20.442371 19.896107 19.128298 20.180283 20.622516 19.069872 19.058181 18.358556 20.225629 
20.337747 19.663507 19.462235 19.727853 19.329977 18.730576 19.401077 18.508573 20.499518 20.437301 18.424163 19.230404 19.695294 18.443439 18.596361 20.207420 20.405444 20.341953 19.148434 18.658230 18.951137 20.201242 20.033771 
18.353556 18.822011 20.515036 19.511840 20.293981 20.153889 20.096438 20.139105 19.228196 19.037233 20.125979 19.524827 18.647519 18.732761 20.130498 19.011274 18.667329 18.770251 19.724556 18.502826 19.005391 19.900329 
20.081183 20.167996 19.991643 19.201170 19.453832 20.071550 19.613310 20.354713 19.953328 19.642749 19.646065 20.271224 19.662053 18.866281 18.947926 19.491613 20.631625 19.328410 20.512985 18.906004 
20.360077 19.732241 19.831164 20.131514 18.769995 18.686815 19.984799 19.572544 19.857413 18.679844 
19.455022 19.152198 19.161137 18.620267 19.869244 20.572991 18.707848 20.098922 19.722740 18.678841 20.094892 19.347252 20.199764 19.989052 
18.935348 19.739847 20.280974 20.553899 19.813895 19.688275 18.458630 20.011186 20.299908 
19.733274 19.984414 20.143900 19.434605 18.563970 20.645092 20.518164 19.035694 19.294792 19.869816 18.413851 19.297955 19.683954 20.174256 19.585042 18.586013 
18.430051 20.104458 20.500360 19.828630 19.896320 18.721792 18.949504 
19.388289 19.095666 20.579732 19.011082 18.860196 18.830855 20.221288 20.168170 18.385401 19.878795 18.825094 
19.482497 19.513942 20.422410 19.599605 18.583221 20.118971 18.419870 19.093517 20.076394 20.429051 19.937031 18.524906 20.085918 18.880436 18.495872 19.090850 20.091966 19.947789 19.692331 20.353483 19.662960 20.100442 
19.733518 20.168742 19.599430 18.769127 18.504617 19.591015 19.982677 18.800500 19.575953 18.429589 18.460345 19.444363 19.275127 19.138236 20.446215 18.816855 19.329691 18.730939 19.643904 
19.147441 20.549960 19.283236 18.505610 19.958244 19.416624 19.002023 18.472551 18.441847 19.662269 
20.036385 19.386129 19.629173 19.872564 19.900758 20.043781 20.214033 19.539021 20.050782 20.397694 18.816911 19.033011 18.340592 18.389528 19.018997 
18.837456 19.730421 18.967042 18.397052 18.694740 19.474219 20.023823 18.330800 20.183668 20.606030 18.803912 18.343323 18.363911 18.470330 20.219196 18.644712 20.145658 
19.525903 20.374256 20.421478 20.495435 20.598618 19.192670 
20.408976 18.979606 19.463448 19.906714 19.268803 18.561493 19.093259 18.918619 18.423815 20.082291 20.348841 20.035571 18.429155 
20.074131 20.196668 19.033393 19.590454 20.027065 19.595762 19.992948 18.390693 19.970201 20.363847 
18.999873 19.049243 19.696004 19.166756 19.978499 20.150120 19.279617 19.443875 18.446978 18.637140 18.787505 18.610836 19.363396 18.576099 18.721699 
19.832149 20.114880 20.008593 18.845091 20.374977 19.439989 20.544032 18.499493 20.546094 18.647202 20.024419 18.405045 20.113783 19.392148 19.239656 19.656119 20.361908 18.816300 19.309300 18.836834 18.972332 18.760297 20.204566 18.900597 19.374143 
19.374407 18.400075 19.780228 19.144252 20.144347 19.466542 20.558050 20.358907 19.112468 19.690538 19.340780 19.067846 19.893374 20.318255 19.779828 18.810158 
20.434163 19.529069 19.679483 19.000190 18.770160 20.354732 19.679314 19.995214 18.717822 18.492625 19.803191 20.090865 20.395181 
18.543752 20.633740 19.937674 19.970597 19.629717 19.539997 18.610152 20.434228 18.802719 20.264484 
20.550055 18.670247 19.279364 19.735389 20.405459 18.341241 20.526582 18.734971 18.485422 19.855499 19.846269 
19.109790 19.167283 19.644497 20.555455 19.306920 20.215072 19.162293 18.860717 20.208988 19.737401 19.756350 20.173063 19.499142 
19.460399 19.210928 18.490913 19.329493 19.631826 
18.845442 18.915597 18.516486 18.817290 19.282525 19.144521 19.812312 20.095888 19.509118 18.617773 20.362373 19.867832 19.361777 19.951425 20.278445 
20.519629 20.161209 20.120157 19.428399 19.482609 18.811563 20.248994 20.543962 18.760872 19.011527 19.728424 19.405111 
19.926772 18.913966 18.605670 18.626788 20.288345 18.462776 18.979853 20.090956 18.953233 20.245052 20.123305 
18.725764 19.370549 18.508757 20.578208 19.851177 18.529380 20.106408 19.864056 19.534241 19.406524 19.947110 18.807282 19.232830 19.276377 
20.584921 20.421073 19.322650 20.050736 19.480873 19.488851 19.796889 19.652940 19.449875 18.475980 19.558909 20.068089 20.592822 18.558137 19.296407 20.322751 20.483807 
19.785192 18.516290 19.083848 19.024466 19.970359 20.585961 20.159518 20.562490 18.528922 19.081694 18.872506 
18.443266 20.565381 20.313508 20.279574 19.409201 19.946299 20.323321 18.526456 18.367695 
19.819812 18.859259 18.435573 19.634354 19.667198 
19.865002 18.791235 18.593576 19.753878 19.579482 19.074504 20.218340 19.591777 19.720521 19.476028 19.340079 19.488922 19.797235 19.641628 19.786340 19.025050 20.516558 18.679581 19.482695 18.500280 19.024710 19.801091 19.904456 20.391977 
19.842684 20.007697 19.862581 
18.732726 19.439893 19.595877 20.348327 19.530143 20.377537 18.659839 18.703408 19.085577 
20.410654 18.875685 18.364730 20.112140 19.581277 20.098635 18.705197 19.475742 19.695409 19.788138 20.565952 19.432178 20.391140 19.360932 
18.330747 19.538601 19.158982 18.707072 20.171090 20.260224 18.597157 19.263687 18.985566 20.084925 19.567396 18.832762 18.780026 19.639890 18.597274 
19.969753 19.940221 20.022089 20.382006 19.618726 19.208333 19.452561 19.523498 18.451790 20.030568 19.842384 19.769761 20.586510 20.176192 20.344520 18.510598 19.089446 18.567694 19.300544 18.494641 19.135033 20.235163 18.448882 20.167465 20.410237 18.350663 19.720133 20.144715 19.066571 
20.030355 19.364105 20.620364 20.319456 19.859281 18.410768 19.874483 19.648891 20.133608 20.608484 19.165888 19.349354 19.424930 20.485469 19.454498 19.415006 20.505152 19.851653 20.196830 19.709836 19.407339 20.021047 20.296106 
19.460558 20.098279 18.613911 20.095525 20.085241 20.541254 20.425618 20.596708 
18.606330 20.215378 20.124935 20.533358 18.751137 18.662539 19.147630 18.718058 19.337137 19.772958 18.771849 20.479967 20.431289 18.694767 19.096941 
20.186948 19.853420 20.220672 20.624562 19.371794 20.046258 19.872641 20.511357 19.744487 19.337699 20.379955 19.500487 19.455082 20.156335 19.712622 18.612300 18.352781 20.252951 20.328844 20.359399 19.810552 
20.285956 19.292835 18.836779 20.061926 20.554504 20.038171 19.180756 20.205518 19.473666 20.046391 18.739192 18.340010 18.929881 18.786133 19.057727 18.440741 20.610483 20.455695 19.968571 19.311189 
20.636116 18.484743 20.420555 19.179980 18.455133 19.750464 18.791135 18.644427 18.612248 19.126171 20.453985 18.695294 18.958855 19.975631 20.605949 18.530780 
18.341207 19.318562 20.412026 19.089109 19.012413 20.068767 20.171290 19.410088 20.189796 18.399704 19.499815 19.726509 19.872088 19.840230 19.983517 18.833803 19.792880 20.088801 19.679978 19.657551 19.729167 19.006820 18.814356 18.641223 18.795749 20.023512 18.965472 18.682219 20.263681 19.809048 19.758546 20.302099 20.486588 20.402190 20.155109 18.664316 19.558557 20.267767 
19.704152 19.913069 19.035674 20.206651 19.379389 20.380956 18.681773 19.485698 19.571416 20.137600 19.937399 19.848773 19.409898 18.413105 
19.729623 18.332361 18.835759 19.837657 18.630854 18.909567 20.528420 20.090448 18.643611 18.942140 18.828677 18.607773 20.299161 20.550032 18.805956 20.243241 19.226013 20.363506 20.430660 20.057094 18.987088 
18.615922 19.102814 19.561906 18.888694 19.746096 18.993486 19.421099 19.018870 19.559138 20.369077 20.354977 20.223225 20.487378 
20.246555 18.749617 20.174698 19.366082 19.815264 19.265034 19.285802 19.444943 20.109454 19.248213 18.688883 
20.005966 20.238117 19.186502 18.925160 18.758828 20.371443 20.504984 
19.341560 19.005540 20.268894 19.140794 19.080818 18.787124 19.306637 18.815830 19.151350 19.485697 
18.638474 20.543799 19.067503 18.381914 18.491742 19.398020 18.394874 19.757693 18.454171 20.333265 19.798493 19.179905 19.687622 
18.829407 20.116861 19.793928 20.020605 19.327016 19.852010 18.418142 19.333023 18.898599 19.909529 18.506733 20.265373 20.074009 20.419201 18.595586 20.247482 18.971117 19.467241 18.393925 19.540001 
20.205958 19.186715 19.930690 19.683802 20.033085 20.540574 19.684668 19.735304 19.435927 20.070872 18.644019 18.447806 18.739980 20.145958 18.785219 19.823482 19.411175 20.446646 20.259344 18.972669 18.764362 20.054910 
18.407287 19.667413 18.653945 20.400652 20.085177 20.029851 19.732047 19.813557 20.029782 19.265888 20.486577 20.617791 19.101837 19.907368 19.355234 
19.701173 18.535514 19.686780 19.932982 20.214066 19.295247 18.335396 
19.680553 19.479290 19.342557 18.962047 19.899395 19.183586 
20.514793 18.846289 19.394403 19.320696 
20.439794 20.162373 18.554281 18.413744 
20.462632 19.222299 18.565136 19.931065 19.607588 19.283993 18.753682 19.007902 18.993820 
19.487763 20.467727 19.075270 19.656233 19.634648 
20.486915 20.571146 18.914894 19.357009 19.087115 20.414125 19.484956 19.489331 20.451013 19.471464 19.823339 
19.874122 20.177558 20.592651 18.554687 19.135567 19.873806 
18.991976 18.415147 19.977508 18.756306 19.032200 20.362645 20.184830 
19.509560 19.689203 18.482202 20.295817 20.483713 20.229526 
18.652716 20.089216 19.393805 19.614535 19.394220 19.029470 18.970546 20.636010 19.368126 18.636888 20.164465 20.102592 18.818963 20.082541 18.661684 18.996122 20.563385 18.370623 19.253115 20.345332 19.606189 19.924316 18.511622 20.607046 19.218431 
19.726800 19.683706 20.504504 19.720555 20.432628 19.190879 18.336891 20.276547 20.367640 
20.090696 19.194550 20.540654 18.599821 20.538482 18.827081 
20.388011 20.027423 19.157306 19.384500 20.361098 18.931558 19.509263 20.325852 19.936896 19.646518 18.567796 19.057263 18.341102 20.224382 
20.284077 19.260221 20.396283 18.348887 18.688282 18.369087 20.544733 18.466808 18.598381 19.514031 20.396357 18.444700 
19.833391 19.564656 19.956007 19.024441 18.890542 19.621175 19.376127 
18.613014 20.108428 20.626386 19.717456 19.508124 18.447886 18.570318 19.716268 20.008118 18.445092 19.260891 19.303001 20.594914 19.992717 18.955330 
20.287067 20.543795 19.794330 18.725488 19.865230 19.112303 19.845185 18.853161 19.495689 20.140090 19.043786 20.451337 19.457944 18.449170 20.532161 18.483280 18.447575 20.311837 19.418521 18.975604 19.267074 18.896251 18.631382 20.101404 20.085879 19.028071 20.111375 19.404972 19.818560 
20.343225 19.841948 19.502170 20.617904 19.825903 19.155755 18.509328 19.848674 19.668222 20.254365 19.874758 18.445282 19.230678 19.901504 19.092947 19.790132 19.254284 18.760240 19.285803 18.987805 20.302970 19.756681 19.856425 19.535021 18.403283 20.359937 20.090417 19.991275 19.134123 20.282282 20.037104 19.881956 18.675546 
20.019777 19.650968 20.363404 20.488575 18.585311 18.534360 19.790323 19.196277 
19.033436 19.351536 18.831991 19.418191 18.362986 20.008285 20.534791 20.287846 
19.426717 19.421196 20.002556 19.441819 18.947380 18.801531 18.535950 18.695649 19.750025 19.438848 19.398134 19.816960 20.634816 
18.899483 18.857218 19.445028 19.267439 19.669203 20.097995 19.577258 18.850657 20.079272 20.051710 
19.831352 20.113256 20.527145 19.477032 18.806934 19.093523 20.208093 20.187958 19.987595 20.319699 18.814602 19.892391 
18.494045 19.839335 20.264856 18.377286 18.588055 19.158737 20.626332 19.684638 19.125776 20.377697 20.141461 19.981142 19.585754 19.079374 20.379616 19.179773 20.324465 20.488242 19.645413 20.493726 
18.947506 20.564066 19.657585 18.670247 20.250135 19.807967 18.862416 19.019939 18.343733 18.392717 18.589521 19.555721 19.606586 18.995547 18.326615 19.632266 20.135205 19.696886 18.934524 18.441020 18.837955 19.392547 19.459701 19.781040 20.132549 19.169108 19.963276 
19.211999 18.371224 18.903860 19.379495 19.365626 20.389393 20.554367 20.011608 18.980852 18.538677 19.333199 20.572024 18.337503 20.156677 18.356885 19.393770 19.071932 19.335846 18.358091 19.391850 18.530081 18.529038 18.361473 18.437991 
18.759052 18.669341 19.631548 19.761945 19.859777 20.042658 18.755709 18.997951 18.964229 20.084295 20.220049 18.424332 18.823070 19.033551 19.156377 19.323454 19.633122 18.513380 19.827107 19.339711 19.894065 18.491628 18.491609 19.950642 18.995263 20.286692 19.670203 18.397055 18.567919 
20.256232 18.723394 19.537890 18.594650 19.711874 19.236508 19.484424 20.504714 18.701870 19.992996 20.594057 20.617364 18.743331 20.088794 18.812770 19.441290 19.694299 20.072154 19.271655 19.804716 19.308576 20.553429 
18.742767 19.483580 18.458400 19.225346 20.037464 20.332984 19.601549 19.725185 20.267686 18.337236 18.933395 19.157419 20.570097 18.538224 19.223108 18.664382 20.098740 19.451703 19.592120 19.434952 19.976074 20.025033 18.871195 18.380579 19.723469 
18.640207 19.911941 19.414837 19.152663 19.726986 19.674017 19.489003 18.555157 19.540804 18.958412 19.958768 18.607415 20.612087 19.768302 20.288729 18.542648 20.041562 18.745631 18.964615 19.170782 18.434755 19.195623 19.576714 19.974694 20.348700 19.145188 
19.663329 19.743195 20.418750 19.395565 18.549122 19.183701 18.376579 20.337702 18.881828 18.871456 19.953812 19.340520 19.251201 18.323423 
20.188995 19.225555 19.677926 19.790687 20.330870 20.144061 18.579024 19.303267 19.144118 20.259112 18.455938 19.738502 18.706650 18.950801 19.805234 
