-103.580104   18.899983
-103.113855   18.899983
-102.647606   18.899983
-102.181357   18.899983
-101.715108   18.899983
-101.248859   18.899983
-100.782610   18.899983
-100.316361   18.899983
 -99.850112   18.899983
 -99.383863   18.899983
 -98.917614   18.899983
 -98.451365   18.899983
 -97.985116   18.899983
 -97.518867   18.899983
 -97.052618   18.899983
 -96.586369   18.899983
-104.745727   19.485109
-104.279478   19.485109
-103.813229   19.485109
-103.346980   19.485109
-102.880731   19.485109
-102.414482   19.485109
-101.948233   19.485109
-101.481984   19.485109
-101.015735   19.485109
-100.549486   19.485109
-100.083237   19.485109
 -99.616988   19.485109
 -99.150739   19.485109
 -98.684490   19.485109
 -98.218241   19.485109
 -97.751992   19.485109
 -97.285743   19.485109
 -96.819494   19.485109
 -96.353245   19.485109
-105.445100   20.070235
-104.978851   20.070235
-104.512602   20.070235
-104.046353   20.070235
-103.580104   20.070235
-103.113855   20.070235
-102.647606   20.070235
-102.181357   20.070235
-101.715108   20.070235
-101.248859   20.070235
-100.782610   20.070235
-100.316361   20.070235
 -99.850112   20.070235
 -99.383863   20.070235
 -98.917614   20.070235
 -98.451365   20.070235
 -97.985116   20.070235
 -97.518867   20.070235
 -97.052618   20.070235
