 1 19
 1 20
 1  2
 2 20
 2 21
 2  3
 3 21
 3 22
 3  4
 4 22
 4 23
 4  5
 5 23
 5 24
 5  6
 6 24
 6 25
 6  7
 7 25
 7 26
 7  8
 8 26
 8 27
 8  9
 9 27
 9 28
 9 10
10 28
10 29
10 11
11 29
11 30
11 12
12 30
12 31
12 13
13 31
13 32
13 14
14 32
14 33
14 15
15 33
15 34
15 16
16 34
16 35
17 37
17 38
17 18
18 38
18 39
18 19
19 39
19 40
19 20
20 40
20 41
20 21
21 41
21 42
21 22
22 42
22 43
22 23
23 43
23 44
23 24
24 44
24 45
24 25
25 45
25 46
25 26
26 46
26 47
26 27
27 47
27 48
27 28
28 48
28 49
28 29
29 49
29 50
29 30
30 50
30 51
30 31
31 51
31 52
31 32
32 52
32 53
32 33
33 53
33 54
33 34
34 54
34 35
36 37
37 38
38 39
39 40
40 41
41 42
42 43
43 44
44 45
45 46
46 47
47 48
48 49
49 50
50 51
51 52
52 53
53 54
