 -98.015139   19.155728
-105.161131   19.737774
-104.155551   20.200760
-100.582863   20.073750
 -97.373515   20.406814
 -98.887650   20.002976
-102.749661   19.303972
-102.018551   19.042257
-103.508317   19.084989
 -97.797356   19.274774
-101.849514   20.480442
 -97.911742   18.481785
-102.113530   18.398874
-102.264171   20.614904
-100.053439   20.598029
 -98.818313   19.371802
-103.747433   20.476983
 -98.268186   19.111143
 -97.977086   18.579954
-101.607460   19.309735
 -98.631577   18.935290
-101.669061   18.549643
 -99.290192   20.306918
-102.505246   20.177912
-104.948356   20.232432
-101.659437   18.867938
-101.038094   20.218109
-100.133412   19.689409
 -96.860316   20.112163
-102.749451   19.445361
 -99.241744   20.314926
