18.414366 18.994751 19.501333 18.764617 18.955864 20.562357 20.093305 20.519259 18.848563 19.345454 19.488706 19.095532 19.302315 19.500845 20.362311 20.539311 19.256536 19.294962 
19.928408 19.724095 18.486057 20.389795 19.412170 19.051076 19.841776 18.572255 19.300709 20.386475 18.409069 20.499596 20.055190 20.369920 19.414711 18.733652 19.569647 19.368479 19.061906 20.339302 18.937341 
18.678811 18.670157 19.279438 20.523081 20.518815 20.196054 20.611968 18.867975 20.037793 19.060415 18.330343 19.224217 19.745113 18.385106 19.679526 19.649306 
20.419288 20.387608 18.982477 18.404660 19.835088 19.656947 19.326279 19.233298 20.547248 19.083395 18.889847 19.040100 19.728971 19.542398 18.922176 19.303538 18.883271 20.266508 19.754051 19.850652 19.542882 19.140230 20.411557 19.286567 18.383283 20.020440 20.023158 20.130141 
20.378614 19.884295 20.304466 20.460141 19.930688 18.669415 19.656788 18.959580 18.643141 19.762703 19.068610 19.081978 19.506440 18.664667 19.842389 20.334785 18.925126 20.115814 19.923699 19.996397 19.559621 19.090530 19.699684 20.199750 18.334888 20.012091 19.939380 18.332768 18.494060 19.767724 
20.273755 20.491668 18.863504 19.027596 19.395931 19.244243 19.044733 19.784984 20.109463 19.806243 18.942821 19.184441 19.757551 19.340611 20.591515 19.814762 19.684748 19.395998 19.184446 18.873078 19.522263 19.477241 20.174236 18.997289 20.477464 18.622861 20.074998 18.377913 18.639213 19.748620 19.224271 19.563270 19.265788 20.464343 18.864575 18.750399 18.348777 20.349423 
18.966311 19.862696 19.234422 18.797562 19.378532 20.028160 18.867042 19.291568 19.240150 19.231590 20.382182 20.561765 19.268377 19.059912 19.928690 18.425705 19.544703 19.750804 19.758530 19.498574 
20.515855 18.491251 19.397858 20.073764 19.844770 20.273247 19.341820 20.349900 19.620876 19.859772 18.513737 18.877113 20.604835 18.445511 20.180600 19.715483 19.941659 20.311682 
19.357810 18.824522 19.823343 18.873932 18.889014 20.275543 20.110897 19.459101 19.168269 19.012699 20.546341 18.823403 19.155401 18.936246 20.124546 19.950492 19.224676 19.206156 18.346354 20.406974 18.566398 
19.453635 18.954954 20.340831 19.361695 18.566980 18.457523 20.005342 20.254647 18.646846 19.396327 19.029686 20.394426 18.651272 19.871700 19.610758 18.715830 20.558863 18.776264 18.644878 
19.666256 18.651322 19.412728 19.858610 20.183667 19.291436 20.386974 20.350714 19.203997 19.798737 20.257254 18.429605 18.742581 19.483162 20.103239 20.128006 20.211338 20.186658 19.579776 19.324242 19.793440 
19.274035 19.598421 18.900823 19.510843 20.293963 19.813369 19.873632 19.365340 20.010640 19.725114 19.882091 19.889449 20.001440 18.475340 19.645594 18.856924 19.182226 20.348233 20.191968 19.719870 20.052256 19.892010 18.733957 18.992665 19.814688 
18.607290 20.335407 20.629643 19.101028 20.060997 18.800531 19.114296 20.357468 18.944460 20.500239 19.988365 20.045267 19.368760 19.761829 20.533655 18.991429 19.524133 19.739150 18.451503 20.581055 20.014971 19.824533 19.384527 20.031940 20.050077 20.271854 
18.885422 20.545541 19.370059 19.642342 19.331422 20.368307 18.631902 18.363505 19.810450 20.029038 19.595781 20.537332 19.909021 20.507713 19.686097 20.069370 18.352976 19.140243 20.441523 20.614035 19.217236 20.539856 19.085786 19.169724 18.417242 19.919047 
20.305330 20.307320 18.452209 19.737073 18.663259 18.493199 19.694336 19.294855 20.139411 18.541856 19.314369 19.828743 20.634390 20.262406 19.822533 18.608681 19.312109 19.979887 19.672029 18.507187 19.903834 19.699998 19.366404 20.290861 18.533525 18.344671 18.985494 19.906604 20.294638 19.595942 18.912822 20.128303 19.151653 18.369281 19.030840 18.566758 18.409741 19.861629 18.903166 20.158199 20.586006 20.535718 20.492312 
19.429721 20.056343 18.341411 19.059908 19.470102 19.647127 19.929361 19.254357 19.974872 20.250869 19.906079 20.468249 19.104458 18.463396 20.316442 19.185373 20.258699 19.720032 20.136263 19.063382 19.794144 19.905411 18.500769 20.650221 19.424311 18.643423 19.236684 19.529140 18.657190 20.096770 19.848394 20.392689 20.503141 18.461021 19.962920 20.604383 19.781231 20.274972 18.447724 
19.095430 19.863150 18.472280 19.054333 19.452370 18.504624 20.512210 18.725765 19.972590 20.213356 19.260401 18.390032 19.997041 18.526704 18.622615 20.016502 20.225224 19.332917 19.534890 19.890179 20.410911 20.102656 18.983298 20.365310 20.009876 19.121802 18.547725 18.507228 19.913448 
19.190852 19.868633 19.335501 20.425135 19.839692 18.383673 18.672128 20.204372 20.351856 19.697484 18.970530 20.621081 20.241148 19.413647 19.121313 19.922368 18.405397 19.343630 19.682232 19.947565 19.727690 20.344307 20.126331 19.947786 18.591377 19.088107 18.887807 18.844253 19.548372 20.513979 19.593970 20.210886 19.819888 19.904209 20.306737 19.700612 19.166167 20.002567 19.280728 20.094895 20.145423 19.612893 19.544494 18.755356 20.023608 19.978226 18.380642 20.181764 19.638678 
18.892014 19.368357 19.526758 20.277392 20.627981 19.081007 19.599710 20.124962 19.978477 19.577885 20.647717 19.194145 20.556600 19.583006 18.346276 19.562266 18.736310 19.994645 19.309543 20.122643 18.728522 20.019622 20.239130 20.167327 20.411785 20.615485 
20.113586 19.829857 20.235994 20.319233 19.905742 20.113622 18.733506 20.566723 19.464509 19.272600 20.054157 18.789611 19.449355 20.144740 20.258867 19.644088 19.496291 18.815872 20.185398 19.670225 19.006147 19.904856 18.377398 18.826649 18.901013 19.662191 20.593752 18.650494 
20.106247 18.479217 18.513176 18.783637 20.280280 19.633237 20.058893 18.411393 20.530695 19.723929 20.365541 19.033446 19.762978 19.464042 19.488406 20.205092 19.338401 19.725434 18.882452 20.460509 20.244914 
20.345887 19.751532 20.623198 19.056871 19.809148 18.761312 18.878256 20.455541 18.763809 19.753438 20.081148 18.742175 20.337285 20.137166 19.248324 20.556861 19.859772 19.209328 19.054062 19.905494 20.308259 20.225102 20.002656 18.765251 19.780294 
20.406145 19.271645 18.878442 20.184761 19.565748 20.393454 19.124487 19.494550 18.598915 19.035310 19.954167 19.772280 20.169268 19.531117 20.339365 20.513507 20.314489 
19.665000 18.708490 19.453524 18.913377 18.463296 19.667558 20.181396 19.368964 19.028918 18.450892 20.603742 19.493573 20.576874 18.842616 19.403562 19.708857 19.178198 18.535852 18.949220 19.453820 18.403004 
20.289656 19.474900 18.980514 19.024504 19.877191 18.790824 19.852095 18.807409 20.367571 19.837320 20.567173 19.942229 19.467515 19.282842 18.649728 19.394743 19.863781 
19.323912 18.900529 20.336059 18.547851 20.378683 20.243864 19.127754 19.279825 19.784944 20.187963 18.530947 18.451331 18.405766 20.383251 20.147823 20.006440 19.304068 19.434311 19.391116 19.521919 19.492767 19.291510 19.283381 19.660397 19.155591 19.212957 19.959376 20.311727 20.316895 20.612620 20.557202 20.644742 
19.261632 19.335301 19.034909 19.541833 18.848075 18.531140 19.370907 20.039723 18.930892 19.569637 19.817859 18.417751 19.629735 
19.872045 20.002702 20.259134 18.708431 20.023591 18.450588 19.654915 19.844459 19.528103 18.479515 20.282361 19.495249 18.968900 18.715949 18.450282 18.642760 
19.677499 20.017169 19.870775 19.106576 18.943570 20.518078 19.042285 20.057942 20.074541 18.417320 19.638505 18.460696 18.705612 18.453652 18.370910 19.136900 18.805827 18.663405 20.050313 19.152066 20.311853 19.833129 18.616376 18.587225 18.340808 19.612391 20.629506 19.616952 19.238418 18.661095 
19.622791 19.050313 19.024742 18.760309 19.300556 19.514520 19.435412 19.072978 18.573703 20.260857 19.502527 19.837025 20.222224 19.383124 19.575727 19.680169 18.635878 
19.630976 18.738063 20.540139 20.260309 19.651246 19.036583 20.197899 20.272132 20.532782 19.465695 20.270674 18.874466 19.565132 19.639895 20.203989 20.115859 20.046515 18.899285 19.584131 19.656084 18.999272 20.384484 19.500105 19.827598 20.441549 19.725142 20.556372 
19.842557 19.357507 18.849965 18.945435 20.174861 18.582670 20.436334 19.364176 20.291623 19.426466 20.203877 18.971018 19.636545 18.965440 19.363205 19.422646 19.353608 20.337338 18.826364 19.773222 20.385366 20.610059 20.584204 20.413782 19.695795 20.596236 20.084405 20.016462 18.339461 18.588313 19.374033 19.428939 20.650666 19.188047 19.801122 19.847166 19.743591 20.337732 
19.198445 19.210979 20.251989 19.816517 19.008409 20.375338 19.400310 19.796094 20.493145 19.087625 18.458756 19.190269 19.840814 19.283496 18.401533 20.181775 19.668024 18.447000 19.228924 18.492438 20.607569 18.413763 18.606641 20.387331 18.692851 
18.671417 20.240868 18.877540 18.555374 20.142452 19.441033 19.591621 20.599489 19.415582 18.651504 18.630805 19.052702 19.802458 18.975507 18.744017 20.612973 19.511812 20.529149 20.169532 19.318189 18.861786 18.488740 20.453862 18.473676 19.225479 20.418957 19.168495 
20.063166 19.895100 18.956044 19.987946 18.477513 19.018273 19.160245 20.021082 19.990025 18.412268 20.301861 19.068934 19.560082 19.323842 19.706036 18.347701 20.177337 20.304436 18.695652 20.365673 19.837898 
18.800670 19.264750 18.918125 20.631680 20.315495 18.505930 20.144218 19.018772 20.206845 18.724567 20.634077 19.601847 19.296505 18.473046 18.583163 18.628932 19.679915 20.414323 18.685824 19.141536 19.909852 20.424668 
20.399225 20.471981 19.240613 20.253633 19.417517 19.924794 19.035827 19.036343 18.671423 19.691850 19.670563 19.743508 19.583706 19.748891 20.564129 20.396832 18.889563 19.470638 19.779225 18.472874 18.853506 18.757426 19.035752 19.658205 18.562269 18.450011 18.838233 18.868679 20.196450 19.300107 19.217747 19.213660 19.501036 
20.241033 19.410358 20.653734 18.867026 19.333426 19.564048 19.603556 19.707837 18.725722 19.433083 20.240967 19.021443 20.230447 18.807975 19.347907 20.018217 20.390475 19.449796 18.505491 
19.673445 19.143832 19.501290 20.162301 20.353027 20.157581 20.600776 19.037593 19.476296 20.092591 19.530799 18.821009 18.869976 18.484290 20.150602 18.603959 20.229782 18.423413 
19.445996 20.152844 19.777694 19.793253 19.428706 18.880033 19.611877 18.916645 19.912236 19.476853 19.267424 19.403338 18.850584 19.542303 18.923291 20.621416 19.538335 19.072368 
20.584613 19.098007 18.626155 20.251744 18.435414 19.973238 20.110535 19.296985 20.074928 18.844164 18.762035 19.623800 18.815198 19.131980 18.716708 19.238575 
18.436787 20.428064 20.087369 18.350968 18.898829 18.415499 20.347368 19.024116 18.659294 19.826565 19.877957 20.478920 18.845157 19.937097 20.632155 18.467459 18.908187 19.032563 19.139169 18.520263 18.699771 19.538196 20.475555 18.707269 18.711502 20.409828 19.173624 19.489438 20.176063 19.476878 18.924120 20.340642 18.592552 20.019436 19.082926 20.483007 
18.546395 19.938652 20.607773 19.337849 19.351677 19.082061 19.955701 19.321682 20.410179 20.187352 19.493032 18.469284 19.044535 18.426406 20.335307 18.702883 18.892624 19.682971 19.538488 20.635356 19.727044 18.889387 20.114244 20.353322 19.490151 
19.794645 18.977542 18.520946 19.793222 20.032204 20.297737 20.210740 20.285941 19.501712 19.333817 18.823015 19.880812 18.748997 18.826401 20.315613 18.876758 20.472114 18.413862 19.056531 19.429296 19.140495 19.707385 18.999817 19.144862 18.571016 20.077453 
19.070108 18.895631 18.943024 18.906471 20.182808 18.598370 20.535944 19.147451 18.594429 18.577879 20.272013 18.855868 20.460139 19.587783 18.585902 19.999054 19.987796 20.369780 20.316786 19.296359 20.424628 20.481360 20.459770 19.256409 18.694724 20.100464 19.503200 18.926152 19.318561 19.853382 19.364169 18.822962 18.634986 19.877252 
18.467826 18.977890 19.373946 20.116847 18.770034 19.876217 18.460616 19.859381 19.503820 19.935522 18.861212 19.734619 18.496154 18.713217 18.710996 20.335101 18.607265 19.552701 19.919228 18.857763 20.518307 20.244338 19.569313 19.761726 20.626058 20.572481 18.591852 19.226240 18.385352 
20.020363 20.458184 18.807463 18.349771 20.432877 19.915565 19.954333 19.933878 18.558021 20.300406 18.788140 19.689183 19.733793 19.973543 19.996049 20.189499 18.606197 18.931365 19.965024 20.352254 20.156797 19.720638 18.797352 20.379030 18.561489 20.470323 
19.233700 20.123164 20.516878 19.010103 20.198912 18.844576 18.906422 19.524667 19.481189 18.981250 20.341469 18.990776 20.063602 19.432497 18.987500 20.590763 19.675461 18.871246 19.389822 20.430971 18.566809 20.134993 19.532728 19.508624 19.975558 20.204023 
19.107264 19.856332 19.832187 20.089748 19.967541 18.918813 18.438847 20.113049 19.664011 19.606194 19.871731 19.815068 
19.668157 19.538592 19.448991 19.251454 18.597078 20.045840 19.390116 20.560278 20.233391 19.849938 19.914449 20.261066 19.216789 18.488823 19.480521 19.300060 20.344540 
19.524209 19.461162 18.451040 20.030990 20.246613 20.546751 19.803754 19.511876 20.063998 18.734108 18.712428 19.918421 19.021762 19.496341 19.360256 19.789572 19.462825 20.125895 19.922688 
18.954619 18.887447 19.362630 19.528577 19.873025 20.346260 20.357404 20.241503 20.507581 19.017139 20.537299 
18.512063 18.752658 19.770219 19.632396 18.463339 18.409181 19.423745 18.393055 20.534288 18.346044 20.153944 19.732956 18.816818 19.932139 19.836373 19.161613 
19.545362 19.743219 19.319719 19.824611 19.587597 19.795733 18.421062 18.779996 18.814146 18.523332 19.656669 18.916143 
19.991865 18.755024 18.951846 19.862866 18.742655 19.666916 20.609940 20.118449 18.895672 19.315936 20.401980 19.474815 20.347009 20.226520 19.197724 20.364609 18.682435 20.114441 19.703391 
20.119128 19.265771 19.544190 19.477213 19.323022 18.708804 19.290365 18.489030 20.251084 20.251839 19.752253 20.449125 18.792831 20.245993 19.474645 20.271763 19.876601 18.802551 20.049804 20.389775 20.312561 20.646443 20.435630 19.677837 20.583689 19.307278 18.373981 18.500706 18.722809 20.579315 19.180580 19.942481 18.683039 19.169389 19.564450 18.359092 19.390317 20.362686 18.644273 19.002202 19.506447 19.263952 20.058560 18.935613 19.586606 19.778843 
19.934627 19.618477 19.764621 18.829603 19.041921 19.863689 19.487255 19.118031 19.467674 20.061856 18.687216 19.168926 20.135672 19.811425 20.400513 19.449971 18.941784 19.116722 20.017221 18.683497 19.859577 19.446805 20.073293 19.742421 19.823695 19.077209 20.035316 19.822764 19.954122 20.047105 19.308572 
19.146651 19.573260 18.771718 19.948173 19.117469 19.580956 20.166576 18.467391 19.994508 19.295064 18.702649 20.309145 18.950574 18.720590 18.375232 18.701790 18.707636 20.032396 
18.724099 19.263304 20.644994 18.812098 20.593219 19.210375 18.889809 19.580677 19.269425 19.159205 19.225736 19.981292 19.462253 18.895126 20.289672 19.918498 18.486011 20.188137 19.563239 
18.442022 19.820020 19.096618 20.249094 20.315971 20.269557 18.498931 18.440500 19.902081 19.188530 19.680162 19.818063 19.646611 19.661641 18.504603 19.207484 19.368101 19.289720 18.722793 18.823867 
20.229144 18.411767 18.857681 18.506321 19.704966 19.496500 19.265905 19.168297 18.916528 20.101873 20.368688 20.424995 20.259728 18.762377 20.339252 19.820270 19.826841 
18.515356 19.408615 18.335895 18.861781 18.894736 20.196966 20.151249 18.811066 19.163160 19.230188 20.565775 18.729846 19.167731 20.088812 20.627667 19.812373 20.351491 20.546957 18.328156 
20.255422 19.397257 20.579514 20.399121 18.623589 18.802769 19.318741 20.215873 19.843160 20.059946 20.429519 19.183024 19.784948 18.398482 
20.270625 19.419503 19.516184 18.463340 20.253695 19.169751 20.369155 19.715813 19.810086 20.557505 20.110091 18.712280 19.509494 18.815825 20.524829 18.595636 
20.265455 20.275272 19.653171 18.998300 19.017672 18.748865 20.379479 19.635926 19.036946 20.092894 18.867154 18.608383 20.341490 19.547501 18.658869 19.716289 19.256801 20.484467 20.448860 19.357948 19.176190 18.561405 20.553716 19.861175 20.022442 18.396163 18.511423 19.018679 19.328621 20.639765 
20.639887 18.480948 18.792462 18.872100 18.950818 20.414949 19.452427 19.420298 19.107849 19.280388 19.754616 19.753474 20.583910 18.504208 20.343315 18.368290 19.561171 20.527296 20.348199 19.763762 20.166752 19.270912 19.517063 19.879620 19.624470 20.105108 20.592353 19.900254 
18.882014 19.885613 20.637360 20.313082 19.638465 20.398624 19.263845 19.397348 19.027744 19.001157 20.621040 20.629627 20.205624 19.986622 19.442188 20.435605 19.943165 19.884337 18.578993 18.581063 19.141109 20.414071 20.239091 18.913481 
18.994200 18.753201 18.897739 18.444420 18.541990 18.652886 20.160328 18.395833 20.065530 20.559938 18.381828 20.177783 20.635506 20.446592 20.597520 19.385911 19.323610 20.370943 20.268440 20.176679 20.377762 18.344718 
20.188639 20.264181 19.686379 20.468823 19.837532 20.189062 18.859587 19.948676 18.876852 19.476738 19.808611 19.538443 18.576406 19.398168 19.343296 18.516453 19.350929 19.745429 20.029658 18.461488 19.257447 20.459451 19.080447 18.650307 19.517150 18.932649 19.807569 20.486723 19.708363 20.295806 18.614806 20.592150 19.261793 18.841808 18.776774 19.649753 19.924539 18.337358 
20.610907 18.480338 20.127810 18.596338 19.417040 19.498291 19.640226 20.196366 20.185503 19.912891 19.795274 20.254526 20.438260 18.431783 19.384914 19.226634 19.809741 20.097687 18.903661 18.964330 19.605255 18.385122 18.647169 20.084459 20.252609 19.338998 19.285149 20.204180 20.262113 
19.080819 20.449193 18.641369 19.475768 18.750885 20.538784 19.845553 19.851683 20.336771 19.224845 19.665235 18.535934 19.418176 19.019159 18.781951 18.857225 19.282889 19.990815 19.686914 18.634169 19.231792 18.471052 
18.543063 19.834666 19.415291 19.312212 18.347134 20.496177 19.462094 18.929561 18.795049 18.453857 20.491582 20.152141 19.183653 20.073516 18.847633 18.759081 19.183205 19.068365 20.358780 19.295368 18.686725 18.517232 19.606564 19.657452 19.305773 18.694612 19.209714 19.326167 
19.198294 18.940513 19.150968 18.935229 18.358551 19.768850 19.749376 20.328828 18.496296 20.377845 19.874192 18.799208 19.856623 18.842388 20.293611 20.156866 19.879891 
18.754909 20.349143 20.604854 19.028633 18.658296 18.601076 19.217868 19.303307 20.352539 20.585760 19.242179 18.558008 19.803556 19.146670 19.380492 18.661250 18.817022 19.787843 19.276369 19.074602 18.767408 18.344742 19.246267 20.445903 20.020698 19.009091 20.223376 19.438048 
19.027719 18.521374 18.747584 18.591768 19.879785 19.330555 18.727851 20.483239 20.459069 20.272721 18.409386 19.679975 19.742147 18.332689 19.179569 19.252189 18.337480 19.733508 19.480210 19.754844 18.517053 19.046479 18.463123 19.489633 19.672964 20.320488 20.045467 
18.895678 19.541946 18.662644 20.181563 19.598400 19.437396 19.151283 18.790156 19.387672 20.223373 18.568036 20.247061 19.998472 19.597892 19.113692 20.083294 20.558742 19.050487 18.925304 20.208361 19.435940 19.632525 19.268462 19.247705 18.880401 19.285254 20.317975 19.371745 18.708324 18.500403 
18.633733 20.539193 19.588942 20.230120 20.115595 19.742886 19.424831 19.398813 18.400802 20.000083 19.964791 18.373457 19.038065 20.570031 19.650009 19.469002 19.697064 20.014086 20.593274 20.509855 19.972163 18.976363 19.460622 18.472130 18.741542 19.102338 18.435790 18.921015 20.366229 20.290135 19.977084 19.187896 19.846467 
19.742934 19.437567 19.967124 18.800439 20.524628 19.691837 18.420148 18.752673 18.339734 20.022457 20.546097 18.738520 18.973833 18.662573 20.389624 18.983540 20.155563 19.896465 19.401494 20.162216 19.526472 19.679006 19.730306 18.757807 19.021383 18.478018 18.581893 18.852834 18.580604 18.733648 20.116692 19.004691 20.108273 19.351203 20.077498 18.772667 18.803042 
19.743822 20.163085 19.598553 19.010667 19.980146 18.954813 18.488529 19.583582 19.292585 18.365354 19.707368 20.441732 20.455461 19.081529 19.290235 20.336327 20.631594 19.195421 20.197196 20.021903 20.461449 18.408122 18.541469 
19.066381 18.699565 20.244204 19.162983 20.025488 18.665292 19.046137 19.045791 18.577211 18.531999 19.937564 19.199000 18.934163 20.631876 20.599780 20.439384 19.433583 18.815613 19.665890 18.604269 20.332684 19.136360 19.879240 20.330345 20.073120 20.526101 20.131991 20.248216 20.052627 20.318518 19.959962 20.519970 20.290996 19.326643 18.911231 19.499806 20.472976 20.542367 19.988083 18.393573 
19.903022 20.580798 19.058067 19.911562 20.317151 18.338830 19.064546 19.577732 19.909349 19.341626 18.358500 20.368471 18.560440 18.461147 19.684668 19.611266 19.474466 20.625317 18.582848 20.186922 19.589206 20.043087 19.001102 19.300811 18.980427 18.621927 
20.269866 20.136969 20.031065 19.461874 20.568901 18.448271 19.603081 20.265831 18.637683 19.692050 19.952496 19.706901 19.273058 19.960705 18.689409 20.167912 19.611533 19.779492 19.348059 20.399358 20.394293 20.035843 18.728124 20.127671 19.463541 19.642406 
18.624050 19.570480 20.274558 19.675240 20.265240 20.101087 19.578889 19.602541 18.807738 19.207248 19.425069 19.976450 19.325499 18.624840 18.818070 20.541469 
18.851167 20.458669 18.859305 19.902727 18.958179 18.395776 19.976886 18.786463 19.284934 19.932129 18.424821 18.688974 19.655072 19.506310 19.872325 20.616234 20.195580 19.315768 19.890667 
19.792258 18.986696 20.517522 20.535287 19.001792 19.128291 18.581285 18.460667 19.664710 18.877808 20.603265 20.172328 20.505331 19.123035 19.934434 20.212661 18.528575 20.071603 18.867700 18.618681 19.152768 19.666604 18.787533 20.179709 
18.398108 18.683456 20.590134 20.467218 19.476018 20.466454 19.882325 19.632105 19.514347 
19.013709 20.353310 19.678626 20.227766 20.047560 19.819355 19.552362 19.384968 19.885582 19.204936 19.474692 20.376499 18.478720 19.917100 19.908218 20.369019 18.577964 18.968658 20.369465 
19.095434 20.547695 18.496702 18.670596 19.567011 20.400721 19.491302 20.177110 19.518104 20.087609 20.372308 19.427729 19.580261 19.012557 20.634417 20.084319 19.923116 19.032612 20.010963 18.371809 18.637032 
19.762582 18.505373 18.573178 20.461883 20.102509 20.259724 18.605362 18.336042 19.775392 19.217758 18.324212 18.541810 19.946493 19.135339 20.055920 18.713422 19.464537 18.424483 19.997435 18.626940 18.894672 19.047783 20.025859 
18.530541 19.275455 20.578386 19.828626 19.842221 20.089448 20.468097 19.816230 19.473382 19.427233 19.483712 20.147298 19.238285 18.928898 18.735191 19.654350 20.080294 20.274021 19.625200 
19.430974 18.497287 19.768242 20.333295 19.084958 20.301301 19.285677 19.092738 18.627489 18.555057 20.071204 19.670694 19.637268 19.371798 18.818233 18.956117 19.614448 19.158080 20.242365 19.029075 20.519524 20.146872 18.733961 19.337764 20.040123 19.215845 19.915788 19.283480 20.095725 20.006933 19.742112 19.494572 19.355857 19.585847 18.456686 18.926321 20.332909 19.751931 19.939686 18.701289 
18.984168 18.501656 20.395943 19.166013 18.489627 18.997458 19.679256 19.282188 19.912403 18.868991 19.425258 19.464578 20.498604 19.795631 20.379943 19.221512 19.837408 19.577946 19.619741 20.462836 20.230968 20.586740 20.382011 18.952677 18.779468 18.509404 18.723883 18.474421 19.521921 18.640474 20.014291 20.315922 
19.976941 20.523723 20.297858 19.716072 19.586567 19.837684 18.452376 18.406890 19.267771 20.396630 18.512631 18.878966 19.788202 19.207554 20.275426 19.982417 20.143998 18.888163 
20.159335 19.951221 19.813031 20.434602 19.195188 19.890342 19.476887 18.818541 19.248295 20.312519 19.437611 18.517770 18.363069 19.582834 20.427249 19.762072 18.876091 19.902269 
20.274996 20.471220 19.972743 19.182141 18.908835 18.350161 18.547668 18.850091 19.752298 19.748513 19.099764 18.860818 18.691564 20.563515 18.486588 19.508407 19.210135 20.450481 19.810278 19.535014 
19.804101 20.096430 20.118006 19.095034 19.663892 19.559527 19.335551 20.329028 19.669063 19.335256 18.440607 19.704880 20.137451 19.577745 19.661272 20.257174 18.803732 20.129932 
19.606899 20.058114 20.175607 19.017946 19.379985 20.548812 20.035031 19.636557 20.085568 19.894377 19.239518 19.182532 19.678047 19.899211 20.158473 19.319910 19.833271 19.034155 20.222876 18.425986 20.402197 20.096876 18.642260 19.614358 18.894311 19.244578 18.449190 19.226217 18.856864 20.535500 
20.344005 19.691546 19.435948 19.293557 20.101768 19.024652 19.705080 20.297195 19.991322 20.241771 19.740994 19.009670 19.876021 19.099765 19.658853 18.356708 19.250633 18.776029 18.826274 18.632793 19.838537 20.141222 18.423632 19.917087 20.264603 19.106530 19.974244 
20.197692 18.447614 19.926962 20.083462 19.688362 20.214253 18.557298 20.554479 20.041987 19.685639 19.904614 18.975327 20.112625 18.586565 19.267647 19.621579 19.013470 19.969453 18.881849 18.876133 20.088322 18.390438 
18.354340 18.958850 20.442939 20.592446 20.127214 19.622395 19.963830 19.556213 19.856769 19.813950 20.004799 20.353332 18.761376 19.904344 20.338025 19.682514 19.754304 20.476475 
