-97.032604 -96.978653 -101.169170 -97.647093 -96.268572 -100.899042 -99.551894 -97.648098 -102.869994 -98.904624 -104.728040 -98.931563 -104.364575 -101.430773 -98.417506 -97.483730 -102.636056 -100.983179 
-102.733998 -100.990322 -97.495193 -100.564806 -102.924505 -96.297026 -99.588109 -101.293989 -101.511480 -105.439621 -96.763191 -99.852497 -97.634618 -102.166713 -98.033559 -103.261092 -100.078695 -97.057873 -98.367109 -105.652942 -103.300256 
-96.792908 -97.101571 -97.089696 -103.261643 -103.572788 -97.026225 -100.306680 -102.146827 -100.341064 -96.416929 -101.457996 -99.117479 -100.201508 -100.588310 -98.626992 -104.127343 
-102.570463 -104.653646 -96.736566 -96.317503 -98.611231 -101.328430 -97.674770 -100.724688 -100.403520 -97.322351 -99.296896 -103.163360 -98.334179 -98.091940 -96.344926 -104.559730 -100.697281 -100.678924 -101.047609 -104.209096 -100.016033 -96.246311 -98.081474 -97.012973 -98.812952 -98.183800 -97.950674 -98.991252 
-98.788877 -97.788167 -100.837511 -100.177911 -96.811815 -97.290637 -102.107285 -100.456177 -101.736836 -97.181547 -96.779697 -103.172035 -99.127972 -100.793925 -103.703091 -99.255417 -99.906847 -99.520145 -103.473582 -102.714925 -101.356652 -96.452634 -96.625823 -98.575666 -97.529417 -102.293861 -96.608168 -102.146122 -97.240431 -101.301894 
-97.084284 -98.745754 -98.868723 -103.220462 -103.863610 -98.659133 -101.565694 -101.597542 -97.471905 -100.013262 -98.680849 -100.164336 -99.113946 -97.233815 -104.448671 -103.100359 -102.986161 -98.325596 -99.825465 -100.272618 -97.665269 -101.704606 -98.977068 -101.163201 -103.807405 -96.218555 -100.485576 -99.325250 -100.328667 -101.006283 -99.413609 -97.954781 -103.841120 -103.012569 -102.044477 -96.564017 -99.636935 -101.426470 
-100.314405 -100.621852 -100.487368 -98.838580 -100.412623 -105.024839 -101.890848 -101.982420 -101.389736 -99.860185 -102.029112 -104.637090 -97.896538 -100.094363 -103.479937 -96.551098 -97.506886 -104.825328 -102.845984 -97.973369 
-102.169165 -101.892543 -101.433585 -100.153583 -101.991787 -97.898292 -104.062217 -99.124425 -104.620291 -100.810293 -98.036896 -103.356232 -101.584280 -102.798171 -97.137546 -101.318853 -97.786802 -100.172433 
-103.565332 -100.192076 -104.509187 -100.925917 -96.922160 -103.732555 -103.763612 -101.171234 -103.716179 -99.775642 -103.970341 -100.367847 -96.466158 -100.350311 -100.454134 -97.073273 -101.611663 -103.895344 -101.095605 -102.118811 -101.160470 
-99.334636 -98.129343 -99.391049 -104.479642 -102.367501 -98.899937 -101.966492 -98.079918 -97.473688 -101.424927 -98.536125 -102.938602 -102.432391 -100.442113 -100.419187 -97.865848 -104.809069 -97.018200 -97.041029 
-105.016684 -102.517437 -103.843261 -97.726909 -103.627294 -100.271255 -101.011268 -100.294400 -101.861726 -101.127194 -103.544419 -97.229776 -96.361869 -100.934822 -100.054863 -100.271179 -100.314027 -104.425178 -104.138430 -97.860587 -104.267063 
-103.300425 -100.227403 -102.507270 -102.203667 -103.199811 -97.047427 -100.489336 -98.383336 -98.488403 -102.491596 -98.932724 -101.802102 -104.164813 -99.520124 -99.894293 -97.139348 -100.511240 -101.722636 -99.754599 -102.141619 -102.745440 -103.930617 -103.136609 -96.712444 -103.901920 
-96.876136 -99.397224 -103.828190 -99.438461 -104.535630 -101.827594 -96.244868 -97.266814 -96.612743 -100.894410 -100.751989 -102.060522 -101.424854 -97.382152 -102.586039 -99.374850 -96.744184 -104.434836 -101.219122 -101.085493 -102.457221 -101.703969 -103.961987 -101.519294 -105.184144 -97.928252 
-100.748412 -105.155514 -99.815988 -104.246677 -100.498255 -102.000214 -98.766791 -96.843014 -96.528972 -104.965135 -103.382658 -99.467698 -102.952736 -97.723965 -101.092098 -97.140574 -102.370977 -96.562283 -104.397176 -98.528781 -101.103079 -100.552820 -96.734093 -99.590890 -96.626576 -98.862438 
-101.348790 -98.414831 -96.400775 -100.440482 -96.510112 -98.785257 -102.635070 -97.446005 -98.571135 -101.546956 -100.447435 -102.081597 -100.813539 -99.824976 -98.538086 -101.051061 -101.631408 -99.005397 -99.496792 -100.173370 -101.510204 -104.132587 -101.783745 -102.704967 -102.953616 -98.857933 -103.762017 -96.628916 -104.274042 -98.476694 -102.068326 -102.050794 -96.236486 -100.094601 -97.093282 -98.198624 -102.138819 -102.428771 -98.780318 -102.146790 -101.655990 -101.790187 -105.107362 
-104.129446 -103.579614 -100.416415 -100.476145 -97.968824 -97.011889 -103.060026 -96.616613 -98.586622 -101.530643 -102.401490 -97.833481 -103.329137 -101.816638 -103.600478 -102.799235 -98.358020 -97.600107 -98.383511 -100.033692 -99.827531 -101.739302 -101.996060 -105.101684 -99.442981 -97.226123 -103.176564 -96.428675 -97.813581 -104.985667 -103.414181 -102.501816 -101.970865 -101.611804 -101.117440 -104.727368 -97.478657 -100.136698 -99.917197 
-97.568367 -99.599123 -99.604280 -96.673572 -99.993303 -97.228894 -103.298245 -100.593562 -102.797941 -102.429855 -100.236170 -98.796862 -96.630660 -99.882675 -103.600879 -100.174556 -99.349903 -102.206819 -103.048355 -104.576846 -99.023700 -98.281521 -102.230866 -99.642113 -103.526133 -96.505277 -97.621321 -101.276835 -103.308340 
-102.003873 -99.878265 -96.247415 -103.312998 -104.825044 -98.903047 -103.434188 -98.757131 -102.772039 -103.261596 -97.270141 -100.599383 -103.703343 -96.489300 -101.881386 -103.555002 -99.977456 -100.250587 -101.701359 -100.423785 -100.419423 -99.958560 -102.915968 -104.753206 -101.963609 -100.228244 -97.501049 -96.616017 -102.620272 -101.363046 -96.591569 -103.354456 -105.145754 -99.155003 -98.636863 -102.279221 -98.108143 -98.723902 -97.595950 -101.145567 -97.702914 -102.106494 -96.944586 -102.202671 -98.608687 -103.051792 -101.462757 -98.427906 -97.549683 
-100.763340 -101.056449 -97.898264 -100.047381 -104.266793 -104.171109 -103.330304 -102.471397 -101.695614 -96.662784 -102.368953 -98.259607 -99.451846 -100.159880 -98.141855 -98.112843 -98.947039 -96.782035 -101.432066 -102.523234 -101.284969 -96.907778 -104.983266 -103.492477 -99.965630 -98.708831 
-97.496683 -98.228491 -100.689101 -100.622359 -98.845768 -103.651022 -101.860771 -98.761560 -100.745419 -102.823922 -104.041136 -98.455457 -97.275041 -99.994771 -101.552614 -96.843096 -96.483228 -103.376487 -105.519427 -99.428398 -100.362095 -97.115543 -102.353475 -100.607525 -96.564469 -98.979623 -97.685174 -102.658382 
-102.525933 -100.382927 -102.793273 -101.896144 -101.041250 -100.023552 -104.240070 -99.692166 -104.163491 -101.604616 -103.514023 -100.953422 -103.171320 -97.948371 -96.687092 -97.190023 -98.269346 -100.182756 -102.650154 -103.574388 -100.806565 
-98.418847 -100.236593 -101.685920 -99.645833 -101.625088 -101.719778 -103.764719 -98.942890 -99.677166 -101.967308 -104.380660 -99.692308 -99.850831 -98.356222 -96.950817 -103.760217 -99.265882 -100.092135 -104.261580 -101.184656 -102.881026 -103.754825 -103.334237 -98.177803 -101.955260 
-102.739207 -99.693462 -102.103747 -101.986115 -96.645245 -101.677736 -104.362946 -97.416918 -100.394168 -97.872017 -102.055383 -103.360078 -101.659747 -104.867890 -97.267211 -99.540148 -105.642907 
-101.718413 -96.961786 -101.243815 -99.173911 -99.676108 -99.410961 -100.536178 -101.479341 -100.682310 -98.564807 -102.260680 -104.050044 -99.815352 -96.408225 -97.771284 -102.959534 -96.250429 -96.879345 -101.058487 -104.548643 -96.765080 
-98.869088 -101.249299 -98.857685 -103.863582 -99.709021 -99.528033 -100.216642 -100.814748 -100.973856 -103.842088 -97.896483 -98.891558 -98.281538 -96.389713 -98.668298 -98.529776 -104.954234 
-100.866742 -98.470144 -99.751040 -100.133866 -103.003947 -101.412572 -102.955112 -97.826359 -100.100107 -101.475782 -98.506429 -102.290530 -101.596511 -101.237547 -97.213679 -103.464868 -103.564455 -102.342099 -100.545206 -98.255630 -103.212868 -96.582488 -100.196713 -103.757352 -101.615679 -100.669446 -99.089987 -104.344015 -98.411329 -104.691454 -103.566769 -101.285565 
-103.691530 -103.080998 -98.870365 -100.536980 -103.712505 -103.462347 -100.122734 -97.194052 -99.062137 -100.693147 -102.079138 -96.599284 -96.937732 
-101.525158 -98.298489 -99.615554 -99.012077 -98.783130 -102.124417 -96.612856 -100.142825 -101.143589 -99.706750 -98.755650 -99.553828 -96.929426 -97.038371 -103.444874 -96.644552 
-100.043514 -105.392849 -100.296187 -97.346115 -97.098181 -100.388367 -100.252161 -102.855090 -101.062871 -97.718708 -101.666138 -96.636071 -101.934764 -101.598599 -99.929669 -103.320136 -100.802881 -101.274437 -104.846033 -96.741842 -104.525368 -103.690856 -100.855869 -97.663531 -102.575803 -99.345309 -97.767228 -99.159159 -96.208955 -96.815652 
-98.777606 -100.761793 -100.544399 -97.346175 -99.026500 -99.836154 -101.804339 -101.146566 -98.376658 -103.095146 -103.268426 -102.933062 -105.190708 -99.053582 -99.688638 -97.227940 -100.929919 
-99.191419 -100.555092 -98.367059 -101.595146 -99.498370 -101.516198 -104.669189 -96.996284 -97.692883 -98.736730 -101.498000 -100.336792 -104.566060 -100.234100 -97.621429 -104.833929 -100.007753 -103.796771 -103.313239 -97.024395 -98.735512 -105.038896 -101.394584 -100.590214 -100.302248 -98.978468 -99.505366 
-101.240094 -102.011802 -99.132570 -102.095444 -98.412609 -101.342131 -98.583846 -101.754307 -104.491133 -96.473617 -105.361893 -100.572921 -97.951534 -96.710151 -102.155899 -101.706242 -96.888251 -102.196395 -103.737525 -96.970913 -103.067679 -104.880588 -98.215584 -97.224167 -104.393376 -105.280584 -99.142133 -98.041489 -97.133038 -102.650314 -104.733469 -97.817492 -105.086096 -98.554296 -98.985674 -98.362808 -104.902545 -104.859190 
-100.457124 -100.946801 -102.535085 -104.646304 -96.637743 -104.431289 -100.077650 -100.246962 -103.267696 -103.612984 -102.637733 -100.622987 -99.299026 -96.383518 -102.451477 -103.758755 -99.563955 -98.135089 -101.930110 -101.112095 -102.133189 -101.356790 -97.266269 -98.369271 -99.400052 
-101.189571 -102.080757 -96.892394 -99.169301 -97.637064 -102.175852 -100.254654 -97.135870 -100.559238 -97.191075 -96.967684 -100.585243 -96.763516 -96.513974 -99.081697 -101.647227 -104.649573 -100.956221 -101.892603 -99.256152 -99.874586 -96.908039 -98.297354 -100.046566 -98.801151 -103.304096 -97.806267 
-105.307521 -100.173634 -102.297072 -98.676206 -100.266736 -102.545612 -98.317168 -99.115728 -100.981893 -101.420646 -99.281059 -99.378009 -96.909655 -102.986495 -99.240985 -98.558222 -98.461957 -97.068422 -98.782354 -103.171704 -104.605703 
-102.664888 -102.753464 -99.865676 -100.769298 -101.997918 -99.203762 -102.801918 -103.458991 -105.231611 -102.678092 -99.245622 -101.961074 -99.106960 -102.494618 -100.092504 -102.865890 -99.809739 -102.491105 -99.631366 -103.792649 -101.997422 -104.947993 
-100.791313 -102.022891 -100.835490 -105.065921 -101.211568 -103.569869 -102.074828 -98.322991 -97.821471 -104.194206 -102.264407 -96.667704 -97.721546 -101.913073 -98.507890 -99.990522 -99.488669 -103.456999 -101.558992 -103.100164 -98.527480 -100.463143 -100.100346 -96.388163 -97.879690 -101.775381 -102.644663 -100.252514 -101.662321 -97.065032 -98.528413 -98.233701 -96.671008 
-105.200361 -100.730057 -104.938366 -101.562922 -101.901557 -103.136421 -100.511582 -101.067862 -100.450714 -98.723511 -100.237013 -97.838159 -100.156778 -97.618994 -103.152687 -103.048495 -104.412807 -100.487627 -99.096841 
-97.678693 -104.491801 -101.060383 -98.378854 -100.344228 -103.490411 -99.185941 -101.222682 -103.405995 -101.040013 -100.921782 -102.127712 -103.382650 -102.511905 -97.782496 -98.724426 -103.468104 -98.443167 
-101.004767 -101.317660 -105.031382 -99.293990 -100.495174 -98.830820 -101.043532 -103.409811 -105.035950 -101.815384 -99.992268 -103.608022 -100.358247 -96.980010 -96.931460 -104.106796 -97.878529 -103.962602 
-103.028895 -98.544719 -103.556145 -102.073344 -102.227797 -103.111464 -102.020888 -99.645460 -100.800491 -103.738055 -98.237010 -101.287399 -97.176499 -96.830718 -102.180100 -100.898978 
-99.292754 -97.531690 -105.417479 -103.315363 -101.655804 -99.678788 -100.699320 -99.711761 -100.865443 -104.362124 -104.619734 -103.785450 -100.105221 -99.908430 -104.265503 -102.758379 -98.095727 -98.183512 -101.340649 -96.772713 -98.200942 -102.077999 -102.300046 -99.137301 -97.964594 -100.069401 -104.477107 -104.245650 -104.861388 -97.541895 -99.159291 -101.759283 -99.234190 -103.675085 -97.070522 -99.783615 
-101.522012 -103.596622 -103.230007 -96.747744 -101.667834 -101.924013 -100.443412 -96.323363 -103.508506 -98.513442 -100.430693 -96.478013 -96.502553 -99.198356 -101.998785 -98.980537 -100.419348 -103.201550 -97.324810 -99.879761 -99.007817 -96.906943 -98.235247 -104.554822 -104.922873 
-101.955268 -97.083449 -102.845312 -101.998549 -105.268669 -98.122026 -97.303142 -101.740582 -101.971238 -97.129801 -100.069900 -100.433378 -101.876201 -97.375901 -96.953887 -99.096924 -102.885074 -97.362903 -101.410294 -96.596014 -103.070312 -98.488666 -97.258319 -102.344026 -97.293726 -97.164530 
-99.280184 -101.569679 -97.506649 -99.682760 -104.793408 -102.691154 -102.121497 -101.644922 -97.729480 -103.496603 -100.792117 -102.072221 -100.959050 -101.443669 -99.144617 -102.861118 -99.535313 -97.902339 -98.750391 -104.706540 -101.420550 -98.940711 -97.695030 -104.524109 -99.046966 -102.635569 -96.413501 -102.023647 -103.598954 -102.412596 -98.595278 -102.168801 -97.025896 -99.788831 
-102.681940 -103.013622 -98.065743 -100.373994 -101.664543 -98.467354 -101.854096 -104.101048 -103.994898 -103.502133 -96.816698 -104.999445 -98.418810 -100.656444 -101.998710 -96.955253 -102.629599 -99.137671 -99.534297 -103.662872 -99.628844 -104.010387 -103.992738 -103.654749 -100.919456 -103.883487 -100.433002 -99.310427 -98.299991 
-100.344407 -100.463010 -101.172908 -101.241771 -97.266510 -99.279593 -102.233449 -104.460989 -102.186559 -100.509519 -103.599683 -98.049544 -98.657416 -100.424892 -104.956110 -98.429514 -100.319420 -101.974270 -102.335214 -102.784844 -99.212526 -96.924995 -97.143318 -101.505194 -102.970529 -104.827182 
-98.396814 -101.706737 -100.806357 -103.496408 -102.693040 -100.769674 -97.859271 -103.396757 -96.852919 -104.150732 -101.854903 -99.179200 -101.973533 -101.190619 -102.197768 -103.751570 -97.885408 -96.902292 -102.548170 -102.686520 -97.678543 -97.711948 -99.001696 -102.413153 -104.515683 -97.295308 
-102.188027 -101.280135 -102.208879 -98.334131 -100.142088 -98.309205 -97.325400 -97.374667 -103.811528 -101.680136 -99.881708 -101.510937 
-103.146861 -101.764790 -99.691302 -96.382734 -102.390219 -97.772639 -99.444256 -100.459449 -99.677783 -99.505982 -104.744381 -105.306646 -96.725130 -97.037620 -102.178472 -103.003050 -97.854699 
-98.137940 -104.357119 -96.516164 -96.906902 -99.639615 -102.439942 -100.366333 -103.492121 -99.487650 -101.465233 -101.788748 -102.831864 -101.904672 -96.759454 -98.467766 -103.891275 -101.612905 -104.429260 -98.464504 
-96.849045 -102.559252 -96.755283 -101.032274 -102.381133 -99.631684 -100.466911 -99.583937 -103.681306 -104.212006 -98.326980 
-97.534787 -97.047727 -102.935836 -101.307234 -102.195054 -97.744309 -100.205771 -98.831226 -99.815170 -99.845748 -99.433820 -100.521293 -97.161762 -98.867877 -98.002767 -104.029665 
-100.346652 -101.061343 -100.326789 -102.546459 -100.496089 -97.336767 -100.288028 -100.227516 -102.008379 -101.095767 -99.592449 -101.042980 
-98.796318 -101.774099 -100.125442 -96.966760 -100.983624 -98.630980 -97.836089 -99.363737 -99.072542 -97.283787 -98.590673 -103.613562 -103.634848 -101.683564 -104.079196 -104.051850 -100.116073 -104.803161 -97.906440 
-98.941600 -103.030172 -100.435652 -100.220081 -102.607352 -100.003829 -96.351287 -101.268100 -102.936830 -101.526192 -98.048160 -103.270205 -103.478344 -99.982182 -97.143066 -96.886674 -101.255281 -102.977177 -104.012514 -98.848413 -97.164420 -103.138946 -97.877312 -101.665938 -104.196864 -101.525642 -98.269191 -101.721989 -98.752870 -102.506479 -104.471177 -99.944587 -97.598665 -97.492978 -103.106926 -97.517901 -101.912185 -99.856715 -96.652952 -97.679755 -96.469477 -98.762974 -98.796930 -102.689513 -98.107109 -102.747724 
-102.616147 -98.392069 -102.892358 -101.024819 -102.612272 -96.755828 -104.408920 -102.605254 -99.733847 -101.066854 -103.506919 -101.658229 -102.805368 -104.846846 -101.100278 -100.366635 -103.027623 -103.561340 -100.020526 -103.581431 -104.068383 -101.956203 -96.955857 -102.680559 -97.157750 -103.920347 -104.008240 -96.622963 -101.527648 -97.602416 -102.007268 
-96.242990 -100.160946 -101.771254 -101.985862 -99.389962 -104.637323 -104.038840 -98.690104 -100.860825 -102.121207 -96.351273 -100.326775 -103.018613 -102.462287 -99.385154 -97.228715 -100.137796 -104.378979 
-103.407931 -100.319014 -105.151171 -97.224076 -100.617735 -103.327356 -100.942653 -103.543953 -101.024019 -99.779489 -103.681054 -99.533342 -101.534166 -99.573299 -100.807380 -101.384215 -97.188855 -103.903944 -97.122805 
-99.996687 -100.071574 -99.807894 -98.806547 -102.162458 -100.683091 -103.265678 -98.212344 -104.446846 -100.821167 -96.582715 -100.471952 -102.976653 -98.838932 -101.917359 -97.523331 -98.173733 -103.964386 -96.419862 -99.352652 
-105.589293 -100.301585 -100.036771 -100.643287 -102.797179 -100.505254 -100.831621 -101.981813 -97.821283 -104.409151 -97.941139 -97.098632 -98.441572 -103.176487 -104.058091 -103.874720 -104.592453 
-102.070701 -100.430272 -97.524917 -101.289935 -99.697915 -98.644358 -96.776736 -100.548775 -100.947718 -97.505518 -99.536766 -98.975220 -100.837179 -99.816817 -99.775351 -102.322311 -98.642971 -104.189945 -100.842842 
-100.245351 -101.537851 -102.466458 -102.631160 -96.694854 -102.081897 -103.317260 -100.705033 -102.387149 -101.657443 -98.350792 -98.128827 -104.936751 -99.268446 
-102.679908 -99.640542 -100.297575 -101.347780 -104.975137 -102.413006 -101.747673 -99.265604 -101.957840 -100.703550 -104.722700 -101.570718 -98.948451 -101.295880 -98.677901 -99.293028 
-99.771519 -98.887153 -102.458207 -96.891676 -101.549996 -98.586551 -100.532165 -96.641079 -98.804494 -97.649060 -100.580709 -101.972522 -99.595992 -99.442744 -101.724228 -97.612866 -98.525193 -101.946131 -101.196645 -98.686804 -99.902074 -97.735402 -100.132413 -96.582543 -99.010142 -97.295291 -98.160150 -100.139291 -102.799447 -102.867748 
-99.183032 -97.226814 -100.893680 -97.826108 -97.298971 -97.695885 -96.975008 -101.214687 -103.512806 -97.042116 -102.395634 -99.785597 -103.758652 -98.724469 -102.341682 -99.152949 -100.072376 -97.639746 -99.680584 -101.244791 -96.831871 -96.970222 -99.006797 -105.093155 -103.692365 -98.612525 -97.357613 -104.827992 
-100.318685 -97.301285 -100.478230 -102.826261 -100.419895 -102.536883 -97.350519 -100.243468 -97.902401 -101.024267 -100.743307 -100.503773 -104.700112 -104.214733 -103.414700 -99.564862 -104.890654 -99.113139 -100.361870 -103.371418 -97.246049 -99.633244 -105.439417 -100.038878 
-101.622279 -103.325009 -102.734184 -100.600610 -102.138621 -98.500501 -100.092735 -102.232476 -100.973082 -100.668167 -101.472788 -98.921517 -99.591209 -100.665076 -100.125461 -102.350637 -99.366828 -97.889763 -104.428326 -97.273876 -104.459850 -102.266764 
-97.900130 -104.051909 -100.735563 -99.015543 -100.708463 -101.690017 -103.529672 -97.226641 -101.325540 -102.015821 -97.302798 -103.129642 -99.799694 -104.176581 -99.247966 -100.864598 -96.458046 -98.605170 -99.516053 -100.024465 -99.848969 -98.070578 -101.145795 -100.287241 -103.194215 -96.819503 -102.779680 -103.588220 -104.712612 -101.717615 -102.906110 -99.690321 -99.841688 -99.606562 -103.516129 -103.513410 -97.627837 -99.338934 
-97.206586 -102.437741 -104.771471 -96.891773 -99.068308 -96.514495 -100.544493 -101.333401 -103.088205 -105.064773 -99.990313 -98.766936 -103.404320 -98.521953 -97.848481 -100.480589 -102.927101 -99.337843 -99.781729 -102.024532 -97.408581 -96.322993 -103.034507 -105.126679 -101.612467 -101.269304 -104.482433 -101.268386 -102.288554 
-96.807477 -99.752543 -100.538338 -100.596260 -99.586920 -104.555423 -98.244407 -103.729876 -101.132687 -100.604488 -100.040855 -103.014191 -100.845426 -96.627117 -101.814822 -101.670908 -100.786409 -99.283860 -101.260140 -99.792171 -98.412353 -100.441242 
-99.814761 -99.762902 -102.021823 -100.891401 -99.756760 -98.249899 -100.977417 -97.253117 -97.627910 -99.883547 -102.279184 -99.359119 -98.004627 -100.835902 -98.058490 -103.303318 -102.145615 -98.945134 -102.408934 -100.175835 -100.311866 -101.456895 -99.078203 -99.625060 -104.019553 -98.469533 -98.733473 -104.090192 
-101.141446 -102.918565 -99.833458 -102.195634 -98.924750 -96.723520 -102.747270 -100.920831 -98.314180 -104.324749 -100.352706 -101.583167 -102.177974 -100.506503 -103.847520 -104.556382 -104.699616 
-99.718897 -98.395447 -101.463463 -97.074198 -97.455922 -97.742615 -100.763365 -101.231937 -98.705462 -100.412237 -100.416472 -102.949902 -104.672310 -102.332426 -103.395157 -100.230702 -100.483282 -98.287866 -103.578819 -100.572301 -101.951523 -98.792525 -101.586523 -103.632479 -104.772813 -101.980478 -97.825042 -104.134898 
-101.429224 -99.716575 -103.508355 -97.051412 -100.447676 -99.353692 -101.941136 -103.986311 -101.637057 -104.998306 -102.569889 -104.948329 -99.788868 -99.272300 -103.510737 -103.662105 -103.070013 -98.032740 -98.488045 -103.229279 -98.705581 -103.496858 -99.494885 -98.399847 -99.915931 -101.912149 -99.035854 
-101.988528 -101.601745 -96.479427 -105.476382 -96.871280 -96.420741 -101.789758 -97.656086 -98.193184 -102.636655 -102.782084 -103.592514 -100.737613 -96.976052 -96.869551 -101.517977 -101.008618 -96.301291 -98.387382 -100.770152 -97.898004 -102.564652 -104.028312 -101.173111 -96.283765 -99.902300 -104.562811 -98.741648 -97.593887 -100.650407 
-101.415974 -104.959596 -104.191992 -103.030657 -104.606699 -97.540023 -104.474298 -101.223331 -102.655660 -101.472698 -103.412764 -98.047242 -99.663915 -100.311238 -100.157981 -103.318209 -102.185789 -99.868427 -99.156598 -103.835495 -99.380472 -97.189559 -103.983948 -97.436797 -101.184785 -97.421452 -102.601475 -97.967143 -102.285905 -103.741338 -101.120176 -97.240499 -97.653000 
-98.762591 -104.511834 -98.942092 -96.217519 -101.888998 -99.330816 -99.480592 -98.856571 -98.049367 -104.750978 -99.270178 -100.794367 -100.418309 -102.920311 -101.918386 -100.299563 -102.996804 -105.328913 -101.237878 -105.064796 -104.651329 -96.615595 -97.201727 -98.355176 -98.260489 -102.783268 -96.901499 -98.472523 -99.567586 -98.457756 -102.684615 -98.955274 -99.530702 -96.555491 -99.474338 -97.749016 -99.080700 
-103.987074 -105.047380 -100.622626 -100.265672 -100.778924 -101.276604 -97.057303 -101.640831 -101.165310 -98.713065 -97.419075 -104.911617 -103.548661 -98.196073 -96.393382 -97.152950 -101.787310 -99.253090 -100.145426 -100.810560 -102.724103 -97.282022 -102.467511 
-101.601442 -98.557912 -102.098392 -102.533129 -101.871616 -100.396553 -101.059093 -103.169851 -98.478840 -98.803080 -100.226840 -101.780960 -100.449289 -97.752624 -102.956391 -101.133673 -99.462503 -102.976790 -103.839622 -102.607216 -99.218050 -101.435003 -100.298813 -98.587413 -99.555659 -103.623991 -105.040278 -103.249023 -97.236326 -101.807967 -100.410659 -102.785996 -99.205546 -104.141465 -102.850018 -104.883954 -101.802089 -97.635836 -99.177946 -96.523094 
-98.730709 -100.953114 -97.270964 -96.619329 -101.670357 -97.408318 -102.507470 -97.083363 -99.915203 -104.133361 -100.316237 -97.991359 -99.891256 -100.211676 -102.241877 -99.597013 -104.639699 -100.842512 -97.319484 -104.288687 -98.651526 -101.007632 -101.443527 -99.984065 -101.354405 -103.612663 
-99.133312 -98.816237 -100.448362 -97.970345 -102.900201 -98.387134 -100.357184 -99.823603 -100.014770 -100.738911 -101.556500 -100.105865 -97.982623 -98.011548 -96.595887 -96.871218 -97.644417 -96.553144 -104.229080 -102.633249 -103.686216 -101.820528 -96.843312 -99.624234 -96.603357 -105.064540 
-102.087433 -99.193955 -100.498936 -101.051354 -97.488861 -103.189176 -102.166709 -103.030571 -98.012840 -101.579400 -99.332567 -104.783510 -99.722998 -102.830450 -100.315803 -104.367532 
-100.431877 -97.656471 -101.851300 -102.875580 -96.427583 -101.477954 -100.818328 -99.847511 -101.603365 -100.046209 -97.585505 -98.274613 -104.413375 -98.812175 -97.996190 -104.891775 -102.271381 -97.745621 -99.395928 
-102.058664 -102.760049 -101.514964 -100.609659 -101.519898 -96.322475 -103.545866 -103.458225 -96.690980 -98.859615 -104.381808 -102.516152 -100.664305 -98.156662 -101.536278 -102.227394 -103.369572 -97.499912 -102.867386 -99.218513 -103.453229 -99.100140 -97.486968 -101.412870 
-96.749988 -102.041981 -104.255913 -100.567747 -101.116709 -98.660440 -102.935993 -96.644549 -98.970371 
-101.049410 -104.276553 -105.097631 -99.632206 -100.563891 -101.434151 -101.728914 -99.819827 -98.829652 -103.582707 -98.949058 -103.074702 -99.115908 -100.271542 -101.914543 -99.709399 -98.340617 -100.761950 -104.419835 
-101.872537 -102.057000 -96.990123 -96.273327 -100.791524 -98.109133 -99.670484 -104.485334 -103.232871 -98.949892 -103.799758 -103.410126 -96.445412 -100.602076 -100.092698 -100.012035 -103.148953 -99.845210 -99.391139 -99.652385 -98.247403 
-99.997907 -100.530402 -99.043378 -100.493044 -104.950623 -101.871295 -103.482069 -100.018553 -103.253187 -99.115747 -97.486560 -102.432325 -96.937654 -98.579619 -99.226884 -101.335785 -101.317569 -96.939724 -96.982657 -103.631875 -100.422271 -102.836865 -104.096541 
-102.562480 -99.482529 -97.993662 -100.679852 -97.738122 -102.589069 -102.619986 -101.278817 -98.148285 -101.444145 -99.561418 -99.896154 -98.299366 -102.110171 -98.669517 -100.781973 -101.554191 -102.846800 -96.964589 
-100.478443 -101.981111 -103.170373 -98.463717 -100.261889 -102.906371 -104.062893 -100.871931 -100.775006 -102.810199 -100.635848 -98.774834 -98.148518 -104.472342 -98.809747 -97.297554 -100.402999 -98.678779 -99.319277 -96.649439 -104.547071 -104.281887 -99.463186 -97.829348 -100.274923 -98.493046 -102.609887 -101.536476 -102.305675 -104.854039 -98.195606 -102.518948 -103.547653 -98.023812 -98.670653 -99.458646 -103.519937 -97.636960 -97.153085 -96.212209 
-99.789572 -102.502851 -97.513868 -101.245265 -100.279245 -104.163291 -100.070878 -97.441430 -97.323966 -100.931853 -102.310449 -99.337997 -97.725278 -98.609666 -104.614697 -102.910345 -102.237634 -103.983783 -102.943301 -103.502816 -105.289162 -98.410917 -102.600348 -97.296740 -99.220150 -102.941823 -98.745924 -96.280783 -96.625558 -98.975150 -105.191019 -99.672527 
-100.383653 -97.870374 -99.051093 -101.843930 -98.972200 -99.788357 -102.397806 -97.645764 -100.534278 -104.364464 -98.285885 -101.614933 -101.437393 -102.971331 -99.632512 -102.907421 -104.479896 -101.049730 
-101.344449 -101.224007 -102.288966 -103.349007 -97.917602 -96.952941 -102.987384 -100.503808 -96.345107 -104.343614 -99.370267 -99.224023 -101.120919 -104.117631 -101.295341 -101.862227 -96.698686 -104.843123 
-104.472775 -98.210414 -103.464944 -100.202617 -102.680542 -101.715618 -97.121635 -100.601886 -102.063774 -103.301301 -103.967255 -101.478602 -99.366136 -97.271203 -99.574524 -103.204768 -100.658721 -103.587356 -103.708606 -104.336681 
-101.180505 -100.380462 -104.661779 -104.197091 -103.748950 -100.244500 -96.343740 -103.025899 -103.031377 -101.047521 -102.166275 -104.890528 -98.814755 -104.656176 -96.714932 -103.530594 -99.186333 -103.519159 
-99.252997 -103.896304 -98.076549 -102.237168 -103.156831 -98.920015 -104.504603 -100.606925 -97.789268 -96.903645 -100.278928 -98.825320 -98.794934 -103.908258 -99.806338 -96.323216 -100.565775 -97.619194 -99.579160 -96.848095 -105.468208 -97.300225 -97.054668 -100.880269 -102.041536 -104.183247 -101.930130 -98.740388 -100.330879 -104.516990 
-101.674921 -98.712003 -99.805056 -101.715181 -99.863003 -102.863730 -102.040919 -99.258119 -98.770058 -103.204522 -104.872974 -101.080420 -99.451448 -102.040900 -100.043882 -99.164213 -99.926733 -102.878210 -96.412652 -99.821280 -97.861814 -100.108761 -101.594416 -96.893978 -99.684285 -96.761588 -97.783151 
-101.267124 -100.523618 -100.121553 -97.986609 -98.667427 -104.059685 -102.403389 -100.106297 -103.053646 -101.739108 -100.379353 -97.501073 -99.071713 -97.822943 -96.738104 -97.547348 -103.231158 -102.841906 -98.597339 -97.894142 -100.314153 -103.399498 
-100.414484 -99.190036 -102.404726 -100.463794 -104.693645 -99.565273 -102.338024 -102.160081 -97.913313 -97.296843 -99.538902 -98.095758 -101.715190 -105.362429 -103.308290 -103.895007 -96.788400 -99.529473 
