1.061341 0.955230
1.128552 1.041297
0.713329 0.655208
0.357970 0.450345
0.345387 0.379464
0.515519 0.570094
0.824871 0.809545
0.790909 0.698706
0.912367 0.753820
0.609391 0.330608
0.648689 0.549958
0.557134 0.663357
0.743083 0.644417
0.695776 0.990190
0.495720 0.755030
0.185108 0.625671
0.175725 0.408714
0.236385 0.953577
0.533944 0.510828
0.559672 0.667375
0.787704 0.985111
0.428352 0.639263
0.462948 0.687177
0.904396 0.492383
0.944134 0.623258
0.950603 0.778376
0.912934 0.257828
0.510057 1.089698
0.502255 0.972375
0.445237 0.765611
0.699127 0.758735
0.452493 0.412286
0.805202 0.589005
0.711554 0.655866
0.775298 0.304944
0.349649 0.623851
0.632459 0.842844
0.708677 1.035327
0.744229 0.895830
1.148851 0.812465
0.895888 1.032784
1.064652 1.052294
0.910787 0.833065
0.661634 0.435026
0.535584 0.551459
0.456186 1.326196
0.498922 1.756509
0.844476 0.878877
0.695373 0.729829
1.082751 0.211750
1.061805 0.726626
1.273677 0.547009
1.286462 0.823240
1.141663 0.614598
0.657528 0.766303
0.507159 0.597999
0.256988 0.642892
0.094066 1.004736
0.320455 0.583432
0.539689 0.404415
0.905157 0.570860
0.733945 0.794499
0.646055 0.758875
0.782385 0.810771
0.773543 0.539425
0.765806 1.317143
1.007041 0.258247
0.994170 0.364543
0.747957 0.914739
0.647641 0.418306
0.631691 1.011114
0.669226 1.875660
0.526319 0.545029
0.353160 0.488781
0.452157 0.795275
0.748052 0.753679
0.698028 0.626663
0.581668 0.821334
0.813499 0.308909
0.851193 0.630055
1.123576 0.337410
0.845598 0.867163
1.207220 0.915433
1.289073 0.804658
1.594366 0.747792
1.162426 1.022050
0.879118 0.743785
0.748288 1.083409
0.663235 0.245270
1.032636 0.955296
0.864446 0.831686
0.487000 0.645177
0.553222 0.548148
0.242262 0.968012
0.742967 0.371507
0.739763 0.538826
0.820152 0.301080
0.390472 1.066985
0.294009 0.776798
0.255687 1.339556
