0.000000 0.043687
0.000000 0.030582
0.000000 0.061379
0.000000 0.024351
0.000000 0.015352
0.000000 0.147269
0.000000 0.281105
0.000000 0.172617
0.000000 0.024838
0.000000 0.018137
0.000000 0.020064
0.000000 0.033083
0.000000 0.013656
0.000000 0.017267
0.000000 0.105246
0.000000 0.019506
0.000000 0.034085
0.000000 0.021365
0.000000 0.040935
0.000000 0.018317
0.000000 0.031550
0.000000 0.030628
0.000000 0.030990
0.000000 0.047430
0.000000 0.153487
0.000000 0.167433
0.000000 0.016575
0.000000 0.016985
0.000000 0.021188
0.000000 0.033178
0.000000 0.024314
0.000000 0.019400
0.000000 0.035276
0.000000 0.036981
0.000000 0.033163
0.000000 0.064930
0.000000 0.283013
0.000000 0.074578
0.000000 0.015870
0.000000 0.018231
0.000000 0.091137
0.000000 0.109552
0.000000 0.050247
0.000000 0.194809
0.000000 0.024563
0.000000 0.075316
0.000000 0.114568
0.000000 0.069544
0.000000 0.143441
0.000000 0.035930
0.000000 0.030699
0.000000 0.094243
0.000000 0.142638
0.000000 0.025665
0.000000 0.075114
0.000000 0.022856
0.000000 0.026480
0.000000 0.026281
0.000000 0.037170
0.000000 0.031651
0.000000 0.026225
0.000000 0.147186
0.000000 0.027709
0.000000 0.046834
0.000000 0.052939
0.000000 0.048598
0.000000 0.034901
0.000000 0.054695
0.000000 0.028603
0.000000 0.041291
0.000000 0.009340
0.000000 0.025896
0.000000 0.048196
0.000000 0.014685
0.000000 0.027896
0.000000 0.043541
0.000000 0.043217
0.000000 0.043905
0.000000 0.044735
0.000000 0.046823
0.000000 0.026085
0.000000 0.023193
0.000000 0.027587
0.000000 0.083907
0.000000 0.047006
0.000000 0.026576
0.000000 0.058870
0.000000 0.017704
0.000000 0.030189
0.000000 0.039107
0.000000 0.020106
0.000000 0.031774
0.000000 0.034381
0.000000 0.023038
0.000000 1.358934
0.000000 0.030769
0.000000 0.033211
0.000000 0.063993
0.000000 0.030866
0.000000 0.014103
