   0.139792 1300.380000
   0.137374 1418.946838
   0.129834 1480.531526
   0.128944 1236.635586
   0.137040 1400.428909
   0.134171 1444.166249
   0.148954 1396.133116
   0.150661 1508.032546
   0.144088 1377.819754
   0.142553 1347.896848
   0.151521 1362.205550
   0.155201 1428.056290
   0.146626 1396.124247
   0.148391 1366.447301
   0.144025 1315.604951
   0.143533 1424.664709
   0.151492 1459.771386
   0.150617 1438.762678
   0.153444 1433.034762
   0.151251 1492.530750
   0.148790 1287.146979
   0.158599 1566.367320
   0.161740 1480.433408
   0.153816 1318.249585
   0.157906 1435.478807
   0.159290 1407.464204
   0.150754 1318.534591
   0.150337 1259.186756
   0.151080 1413.749825
   0.154618 1469.069692
   0.151150 1266.964270
   0.158399 1438.751711
   0.153183 1514.342582
   0.152971 1405.900985
   0.154987 1441.647352
   0.151770 1404.954643
   0.146445 1404.899357
   0.154844 1416.549020
   0.138683 1403.594289
   0.139895 1481.911298
   0.137504 1465.776223
   0.149190 1387.628675
   0.154582 1434.805419
   0.147636 1321.327571
   0.147613 1449.106352
   0.154705 1393.374681
   0.163470 1370.645018
   0.162873 1502.166899
   0.175493 1380.812166
   0.168237 1265.887617
   0.178621 1449.231335
   0.172288 1605.647804
   0.162272 1277.700911
   0.174251 1428.117818
   0.174561 1402.698184
   0.176964 1579.549680
   0.173200 1474.135169
   0.170076 1609.777612
   0.161297 1375.868595
   0.158868 1407.284537
   0.152901 1343.512805
   0.152977 1366.060685
   0.147194 1341.437967
   0.135557 1524.036371
   0.142419 1370.885631
   0.139731 1390.953650
   0.138682 1469.822193
   0.152170 1477.247218
   0.144054 1335.106722
   0.138352 1421.967690
   0.141842 1562.580664
   0.141855 1372.907179
   0.145093 1390.634203
   0.153424 1564.431463
   0.147758 1519.077252
   0.148418 1496.912140
   0.153187 1475.822683
   0.157345 1429.173186
   0.165793 1325.881318
   0.163787 1480.953583
   0.160757 1438.133599
   0.157088 1431.875491
   0.160157 1385.573713
   0.160723 1519.528449
   0.162129 1607.309916
   0.158908 1398.317840
   0.160927 1282.844489
   0.157224 1332.465358
   0.157148 1364.754326
   0.153683 1364.576853
   0.176323 1600.192973
   0.163568 1512.747633
   0.153048 1336.613020
   0.157729 1414.311280
   0.163622 1530.819231
   0.167002 1381.937747
   0.164778 1473.858668
   0.151463 1348.967655
   0.155358 1471.476881
   0.163849 1427.657741
