1.064307 0.809594 1.126722 1.007174 1.064407 1.089790 0.841972 1.098229 1.167993 1.057768 1.143212 0.811771 0.997911 0.857718 0.954004 
1.174941 1.136252 1.220315 1.049712 0.887475 1.082590 1.221243 1.170198 0.915079 1.156260 1.013247 0.887992 1.072121 1.006481 1.094551 
1.225897 0.839432 1.058775 1.111960 1.142942 1.214783 1.186112 1.109090 0.890033 0.864826 0.945126 1.214094 1.034972 1.054027 1.150290 
1.232032 1.050263 1.083201 1.139757 1.143319 0.977575 0.948265 1.042187 1.101688 1.004432 1.004002 0.864900 1.111054 1.106076 1.133159 1.181744 0.867356 0.970855 1.256690 1.190986 1.163322 1.188896 1.083898 0.983129 1.069114 1.222892 
0.989372 1.057720 1.038611 1.203039 1.075074 1.051420 0.849407 0.957622 1.164497 1.026382 1.115104 0.865246 1.113692 1.045783 1.123005 1.257030 0.828687 0.897341 0.989174 1.024888 1.072706 1.249410 1.095247 1.131440 1.060211 
1.059474 0.830933 1.129050 1.099222 0.809517 0.823437 1.050599 
0.931154 0.926147 0.982287 1.062421 1.034389 1.042610 0.980176 
0.988369 1.034592 0.906993 0.921816 1.241409 1.170401 0.955126 1.187531 0.909896 
0.844754 0.838899 0.893809 1.111222 0.956179 1.006470 1.045941 1.233367 1.002744 0.868954 1.129536 1.055533 1.219325 1.188860 0.818485 1.070528 1.019540 1.109669 0.921803 0.820648 0.989467 0.986298 0.906209 
0.902444 0.961892 1.086279 1.050090 0.989691 1.211344 1.118359 1.042882 1.136926 1.169115 1.015800 1.163077 1.155838 1.056934 0.833655 1.105266 1.027064 0.801459 0.815421 
0.858729 0.984151 0.994939 0.885289 0.906382 1.117564 0.809721 1.256550 1.119691 1.187765 1.059430 0.973269 1.026088 1.006877 1.152632 1.071373 1.184021 0.988477 1.132399 
0.811893 1.231731 0.975731 0.963539 1.119277 1.052363 1.224580 0.987740 1.021621 0.906348 0.879044 0.915309 0.949172 0.955469 0.876788 0.817394 1.019812 0.814270 0.836206 0.967221 1.178556 0.982546 1.181142 1.175111 
1.155220 1.029568 1.032727 0.848677 0.991176 0.917422 1.154947 0.946467 1.076205 0.867840 0.964869 0.857054 1.004092 1.226348 0.981047 1.022122 0.800107 1.036175 1.163861 0.844436 0.826567 1.044953 1.245491 0.919237 0.928802 0.958321 0.949443 1.004664 1.088768 0.958774 0.998869 1.021855 1.015355 1.181624 0.987802 0.999014 0.961588 
0.943406 0.946338 0.849416 0.794928 0.974959 0.837208 0.909857 1.012504 0.998511 0.952805 0.878384 1.018607 0.795246 1.136992 0.989737 1.112641 0.963129 1.066171 0.936150 1.244794 0.883825 1.108760 1.206642 1.258400 0.848585 0.850735 0.828973 0.875248 0.803431 
1.114203 0.855454 0.983088 0.855542 1.025416 1.037645 0.972271 0.899408 0.987268 0.819428 
0.986424 1.085294 0.847638 1.035256 0.840654 1.035487 0.919174 1.155285 0.825648 1.017177 1.080646 
1.035023 0.931716 0.981136 0.965821 1.051286 0.972152 0.908442 0.864151 0.963373 0.915245 1.245622 1.039213 1.244837 1.020478 1.070991 1.034547 1.078009 
1.173493 1.143118 0.947374 0.975366 0.884010 0.916957 1.159363 0.806119 0.858400 1.032263 1.071488 0.978962 1.060412 1.022632 1.010328 0.996988 0.945337 1.014235 1.105658 1.020660 
1.093132 1.056947 1.085517 0.996612 0.968184 1.013338 0.954846 0.882999 0.938771 1.020795 0.968653 1.169082 0.807457 0.840411 0.964489 0.928964 0.872357 
1.101388 0.978934 1.012200 1.167446 0.970217 0.936774 1.246998 0.835262 1.084475 1.044251 0.944017 1.041521 1.174101 1.192845 1.054348 0.923267 1.254238 0.955800 1.121607 1.033044 0.947247 0.874398 1.035579 1.162701 
1.017278 0.830554 1.176432 1.013341 0.908315 1.033977 1.251204 1.011656 1.016572 1.058499 0.798401 0.794671 1.052448 0.935668 0.882464 1.186649 1.244989 0.924720 1.068305 0.937490 
1.243855 0.997188 0.944365 0.981513 0.899876 1.049065 1.053198 0.994313 0.921358 0.938087 1.017261 1.119786 0.847920 1.236003 1.151099 1.250376 1.113453 0.902911 0.927180 1.027222 0.919932 
0.994315 0.847636 1.145379 0.814747 0.799537 1.200929 0.964027 0.913004 0.831814 0.920724 1.241472 0.951121 0.991025 1.004060 0.938870 0.844923 0.909676 1.100409 0.949701 1.026815 0.856016 1.092860 0.821770 1.071666 1.010164 1.001454 
1.022002 0.979222 1.027526 1.064651 1.149505 1.026359 0.948294 0.890577 0.952380 0.798372 1.089115 
0.950226 0.879429 0.976055 0.829491 1.041650 1.032115 
1.216603 0.868671 1.224636 0.858561 0.928572 1.216312 0.960868 0.971915 1.164815 1.077865 
1.105430 1.248816 1.003063 1.020166 1.030512 1.063242 0.953659 0.862029 0.806238 0.810260 0.895198 0.967720 0.931665 0.821505 1.143335 0.871786 1.050234 0.941255 0.932197 0.869531 1.102958 0.808806 
1.237545 1.031728 0.964330 1.078507 1.170809 1.159904 0.953776 0.915708 0.893098 0.886030 1.056051 1.002197 0.989438 0.992049 1.076970 0.906776 1.207477 0.849656 1.047952 0.829407 0.916358 1.123974 1.121400 0.959246 1.027346 0.886157 0.954770 
0.796361 1.187343 0.844311 0.976429 0.961781 1.110622 1.250488 1.126476 0.826250 1.022683 1.019652 0.829150 1.022240 0.833991 0.955316 0.811184 1.049936 1.214168 0.946222 0.851734 
0.963147 0.878398 1.233028 1.131076 1.102471 1.009011 0.947024 1.011118 1.008321 0.946647 0.810970 1.154172 0.850111 0.899088 0.994787 1.167674 0.822846 0.980449 0.913516 1.105359 0.995513 0.929273 0.908390 0.927507 0.871057 1.165880 0.900386 0.916572 1.014579 1.237389 1.046268 0.985309 0.920066 
1.254486 1.092378 0.941267 0.937099 0.974511 0.909104 1.255491 0.912683 0.967897 0.872434 1.007843 1.086430 1.052919 0.819865 1.244316 1.149832 0.875310 1.041396 0.812779 1.018769 0.844623 1.085536 0.931347 0.906549 0.956538 0.985595 
1.201110 0.823690 1.009276 1.064904 0.827929 1.202253 1.037202 0.808363 1.016735 0.940847 1.140703 0.934975 1.051031 0.898611 0.999142 0.819531 0.951879 0.836733 1.049480 0.971143 1.139921 1.141646 0.924608 1.239413 0.867707 1.144545 1.153567 
0.909124 0.940885 0.810960 0.946526 1.131040 1.019557 0.996677 1.142197 
1.123770 0.904757 1.117330 0.965251 0.947997 1.009269 0.936820 0.964591 1.154714 0.938315 0.985734 0.989281 0.997255 0.828475 1.096533 0.904321 
0.887898 0.981122 1.035031 0.970320 0.990349 0.980118 0.841358 0.975491 0.949052 0.917267 0.812774 1.193921 0.804429 1.184387 0.839491 1.050487 1.234499 1.040926 0.994227 0.900401 1.104511 0.798415 1.034015 1.068805 
0.977477 0.944846 1.039893 0.959971 1.212384 0.861285 1.182710 0.969832 0.970707 
1.016337 1.082784 0.978762 
1.238768 0.804811 1.003888 0.981831 1.010699 0.957695 1.053544 0.936112 1.131028 0.888562 0.948219 
1.219902 1.003508 1.042188 1.090663 0.956825 1.110765 0.858127 0.875289 1.161476 1.162615 1.106283 0.878682 0.899998 0.824898 0.991475 1.108939 0.966894 1.128982 0.953291 1.077175 0.933624 1.111816 0.850069 0.926122 1.203566 1.076770 0.971072 1.104947 1.220083 
1.255043 1.041075 0.804483 0.992408 0.947716 1.110306 1.003727 0.832238 1.230265 0.899487 1.045809 1.056484 1.037282 1.056338 0.927133 1.048225 1.090397 0.897195 0.891572 
1.039674 0.901429 1.143212 1.089950 0.848436 1.066599 0.993689 1.054206 
1.056882 0.933268 0.991011 0.846231 
0.935215 0.800686 1.147463 0.911338 1.242816 1.014375 1.154902 1.072481 1.017135 0.919134 0.799174 0.983718 0.963104 1.137012 0.892360 0.956483 
0.936274 1.061673 1.152253 0.946065 0.965531 1.002807 0.817015 1.012723 1.110957 
0.989969 1.078953 0.966448 1.169172 1.030923 1.231251 0.813021 1.017693 0.865729 1.019034 0.822534 1.126040 0.936206 0.968828 1.047558 1.104286 1.128232 0.873506 0.915031 1.016050 0.834545 1.229072 1.061358 1.226489 1.125755 
0.907062 1.006892 0.924504 0.951623 1.000740 0.943434 0.941975 1.124615 1.117064 
0.954460 0.853963 0.959899 0.849670 0.956771 1.155611 0.934035 1.016085 1.027306 0.908105 0.867141 0.949368 
0.857193 0.938342 0.906661 1.093950 1.227612 1.128818 
0.845347 0.868972 0.989355 0.988987 1.098221 0.814145 0.817403 1.036484 0.795806 
0.951897 1.068558 1.164104 1.154265 0.795764 0.809635 0.805383 1.077828 0.828321 0.874916 1.097049 1.012094 0.883494 0.886737 0.890194 1.159926 1.061534 0.970099 0.952845 0.936340 1.116687 
1.137951 0.863752 0.911131 1.198457 1.031561 0.854989 0.839180 0.824407 1.062663 0.823550 1.131319 1.230008 0.846002 1.108565 0.856096 0.989441 0.823901 0.851873 0.870677 0.857940 
0.993382 0.829996 1.071958 0.955513 0.889486 1.111122 0.972817 0.846865 0.902058 1.088457 1.084762 1.070346 0.994902 
0.935637 0.893960 0.876094 0.900810 0.990997 
1.230422 0.851350 0.800268 0.903157 1.046907 1.100102 1.034449 0.807952 1.105865 1.172319 0.972596 1.048050 1.222448 0.847199 1.048805 0.847417 0.953653 0.891174 0.862178 0.935258 0.864993 1.138279 0.889539 0.808500 0.798029 0.856873 1.234785 1.011402 1.225120 1.156406 0.807180 0.812263 
0.817214 0.856433 0.853515 0.913991 0.818719 1.178546 0.869019 1.245143 0.840313 
0.838575 0.835979 0.916610 0.894903 0.986469 1.180203 0.858578 0.998064 1.133369 0.912627 0.814148 0.820100 1.143550 0.825033 1.044626 0.829793 0.878934 1.020208 1.233749 1.117687 1.053387 1.043131 0.817656 0.922054 
0.815056 0.948662 1.236579 0.817855 0.850291 0.848056 0.889245 1.118919 1.126940 1.035386 1.156785 0.816964 0.853390 0.871315 0.809310 0.886705 1.027041 0.870004 1.189014 0.837017 0.810260 0.959926 0.859612 0.925048 0.876080 
0.855272 0.898134 0.907853 0.816506 0.859731 1.053621 1.249344 1.216576 1.119232 1.231074 0.920941 0.926808 1.232767 1.038187 1.082656 1.147731 1.154075 1.225170 0.861458 0.900217 0.925875 0.908831 0.983610 0.914339 0.873465 0.881961 0.857485 
0.901549 0.996409 0.910650 1.036713 1.253947 0.796787 0.860487 1.247880 1.024148 0.950579 0.852650 0.971913 0.879080 1.136138 1.026851 0.899421 1.244460 0.931304 0.935278 
1.163151 0.948593 0.915881 1.095230 0.894352 0.973907 0.865590 0.900031 0.940906 
0.982735 0.969036 1.024809 1.188452 0.926732 0.847522 1.224461 0.988660 0.831878 1.221818 1.004045 1.134734 1.165557 0.823583 0.981982 0.920862 1.158620 0.945336 
0.956448 0.980510 1.074375 1.200486 0.904935 1.021310 1.001470 1.141351 0.905866 
1.056331 0.899801 0.966444 1.012948 1.027567 1.003781 0.813059 1.012703 1.037769 0.926178 1.065418 
1.127189 0.798652 1.135584 1.060850 1.066392 0.869465 1.139907 1.007992 0.901864 0.960045 0.810668 1.090876 0.899717 0.896540 1.106418 1.106092 
1.088307 0.971946 1.253787 1.077934 0.838165 1.050893 0.804785 0.925103 1.045241 0.813241 0.904254 
0.953829 1.086571 1.081276 1.137878 0.893766 0.923052 0.859163 1.013859 1.114978 1.138344 1.081304 1.151236 0.825701 1.036313 0.884580 1.041443 
1.050897 1.153724 1.238005 1.038862 1.068615 0.828312 0.849535 0.985073 0.857536 0.953307 1.084852 1.024308 1.070560 1.148831 1.086184 1.011378 1.108099 0.889091 1.232501 
1.245627 0.939003 1.212518 1.014817 0.800433 0.855513 0.944879 1.030074 0.977732 0.968297 1.223040 1.192618 1.161811 0.862444 0.958364 1.104637 0.841460 
0.841785 1.007896 1.044070 0.802678 0.993453 1.167745 1.240432 0.981801 1.143613 1.047782 1.202487 1.059328 0.927667 1.159835 1.028665 0.931123 0.980042 1.242876 0.981019 0.989225 1.152181 0.850694 
0.852441 0.849547 0.869481 0.836238 1.139950 0.982089 1.183334 1.085070 0.861281 1.067816 1.243030 0.798540 0.837476 1.134411 1.034912 1.060638 1.030509 0.838636 0.986096 0.999068 1.095055 
0.815738 1.090635 1.060714 1.191241 0.967423 0.862260 1.169799 1.023577 0.979207 1.025411 0.963003 1.063342 1.057654 0.944559 1.147988 1.198474 0.939829 0.922709 1.216574 1.065339 0.864394 0.834137 1.161347 1.057006 1.107257 0.935777 1.222461 1.151866 1.173241 0.926738 1.191502 1.042832 0.974133 1.138544 1.072794 1.052632 1.048866 0.912942 0.991939 1.198977 
0.945631 0.892771 1.011083 1.227002 1.016917 1.173989 1.036577 1.096067 0.898368 1.178330 1.060309 0.845776 0.982025 0.821440 1.047297 0.843942 0.982583 1.140645 
0.962178 1.116248 1.185839 1.258476 1.171835 0.806091 0.825547 1.036841 0.935757 0.912800 1.032393 1.140334 0.981255 1.003389 1.018798 1.090651 0.960526 0.851318 0.901144 0.877886 1.028880 0.891401 
1.008713 1.002266 0.980127 0.977294 0.860053 0.884308 1.191692 0.896848 1.133563 1.256040 0.943213 1.200937 0.954254 1.029399 0.857489 0.978061 1.067045 1.050154 1.254662 1.085083 1.159348 0.918599 
0.972565 1.133665 1.046608 1.000206 1.077209 0.972641 1.178132 0.997114 1.173718 1.031140 0.991909 1.201878 1.067165 1.192052 1.182935 1.014386 0.941878 1.023802 1.221040 1.139293 0.979293 
1.000060 0.837531 0.895934 1.059646 1.104225 1.091894 1.070738 0.961501 0.994074 0.846798 0.814677 
0.992576 0.900619 0.938855 1.154264 0.971133 1.179178 1.113587 1.075263 0.823700 1.010288 
1.237511 0.881714 1.203163 0.940515 1.107699 1.026162 0.984261 0.963596 0.806449 0.970238 1.040331 1.217148 1.071103 
0.937196 0.887547 0.839047 1.138252 1.125397 1.203527 0.860448 0.911006 0.963397 1.086866 0.890343 0.887019 0.925049 0.817737 1.003158 
1.037719 0.916045 1.035143 0.858498 0.909777 0.835484 1.013001 1.070500 0.997190 0.936095 0.952386 0.880272 0.905933 0.960661 0.992842 
0.875895 1.084622 1.085178 0.832731 1.108494 0.941151 1.092252 0.895999 1.074423 1.047288 0.909106 1.127026 0.869026 0.950003 0.943467 0.885114 0.902646 0.921200 0.993740 
0.931874 0.958333 1.242002 1.007313 0.977456 0.804212 1.256071 1.160014 0.974766 1.255116 0.917412 1.039800 0.836519 0.861904 0.949369 
0.935760 1.252553 1.230393 0.980527 1.172318 1.149520 1.060234 0.913448 0.850241 0.832133 1.114911 1.035840 1.102474 0.900591 1.114576 0.902233 0.922770 1.015376 1.152417 0.995603 
0.986829 0.932517 1.076452 1.159080 0.913834 0.806924 0.860612 0.949202 0.904917 
0.929405 1.146665 1.099690 0.926602 1.257794 0.889902 0.892248 1.069980 0.893521 1.102886 0.910535 0.891925 0.992019 1.056903 0.968944 
1.100303 0.899754 0.938871 0.919386 0.848304 0.998414 1.004904 0.986116 1.117298 1.181346 1.073057 1.249233 0.794932 0.841257 1.080790 1.101402 0.944466 1.250370 1.130813 1.112457 0.829832 1.132464 0.862168 
0.916313 0.878208 1.116786 0.977744 1.026278 1.209154 0.893108 0.975101 0.945328 0.922417 1.000876 0.928824 1.026254 0.920627 
0.908935 0.936102 1.153271 0.916943 1.119954 1.081882 0.998630 1.065805 0.955264 0.951609 1.055454 0.877812 1.246043 0.934526 0.928201 0.870920 0.815379 1.115070 0.935269 0.813006 0.943441 1.216655 1.151370 0.979296 
0.927979 0.979925 1.048006 0.979644 1.142844 0.926002 0.975002 1.218347 0.973854 0.946469 1.007202 0.923192 1.173095 0.885312 1.223969 0.924690 1.138525 1.021884 0.955592 1.162180 
1.221444 1.019046 1.167987 0.963421 0.883754 0.950964 1.103112 1.239200 
0.942226 0.885002 0.884916 0.812738 0.838364 0.831796 1.082119 0.873957 0.930647 0.968420 1.059289 1.239756 0.987813 0.842093 1.058311 0.987998 0.848705 1.103956 1.005377 1.171272 1.062311 0.888084 0.961881 0.964330 
1.067512 1.180182 1.099751 1.113529 0.919992 0.957554 0.963998 0.953398 0.905780 0.901449 1.076491 0.948443 0.949937 1.198925 1.006076 0.823097 0.797169 0.999587 0.955047 0.848612 0.874358 
0.878782 0.981950 0.945441 1.147393 0.854377 0.935695 1.015827 0.993578 1.011849 0.982334 0.902015 1.086499 0.921673 1.093992 0.981668 1.169898 1.170004 1.258491 1.210008 0.855484 0.932529 0.989665 1.122421 0.882669 0.969444 
0.882520 1.171366 0.982717 0.933461 0.975965 0.831934 0.874737 0.907565 0.913945 0.796198 0.910803 0.868431 0.967136 0.951381 0.999993 0.879518 0.821579 
0.949443 1.090023 0.888179 
1.120678 1.257619 0.826468 0.923776 0.820917 1.161315 0.956470 1.201032 0.902841 0.889518 0.999565 1.250833 0.822377 1.025175 1.039069 
1.137152 0.851468 0.893548 0.822575 1.160759 0.953547 0.900017 0.892280 0.874085 0.894664 
0.982915 1.067779 0.800426 0.968966 1.116986 1.049702 0.931756 1.139368 0.860004 0.940676 1.128625 0.848250 1.072632 0.845892 1.047180 
0.900780 1.156335 0.997753 1.014141 0.940175 1.218223 0.954810 1.029186 1.009938 0.884223 1.207393 0.845589 0.907143 1.144710 0.849909 1.118174 1.100418 0.809723 0.982774 0.895434 1.105077 
1.173671 0.962066 1.030778 0.925311 0.864873 1.047933 0.965871 1.021309 0.992776 1.109644 0.919004 0.893986 1.084654 1.200430 1.249125 0.841653 0.951862 1.185545 0.992015 0.915604 0.808324 0.841452 1.084236 0.989680 1.230927 0.970761 1.047562 0.897699 0.837780 0.947851 0.911046 
