-99.511430 -99.314345 -103.619137 -98.885523 -96.777212 -97.012290 -96.170811 -99.553937 -97.805898 -101.474475 -99.593733 -102.258488 -104.711231 -101.820713 -100.348024 
-100.212118 -98.234581 -98.887294 -97.488574 -97.474203 -101.498539 -98.869958 -103.093194 -99.676537 -104.519961 -98.657085 -103.166902 -99.992954 -101.183603 -100.371646 
-102.437773 -100.365357 -97.031213 -102.140609 -100.199929 -97.200935 -101.226184 -98.514638 -105.618951 -97.458887 -96.813397 -104.827820 -97.480603 -101.247962 -99.827840 
-100.494571 -97.386027 -98.903180 -99.903252 -101.737480 -101.141711 -105.176649 -101.728692 -98.282228 -96.797833 -96.780425 -104.532373 -105.642655 -104.420536 -103.520849 -102.059556 -102.806903 -104.704055 -99.621566 -105.438501 -99.325760 -103.047914 -101.994437 -102.246535 -101.151488 -99.067141 
-102.671538 -104.703692 -97.338777 -96.424511 -99.620736 -102.503445 -103.251354 -99.082180 -101.568840 -97.836313 -97.022037 -96.460273 -103.180514 -98.516856 -100.953255 -102.618986 -103.473484 -100.434791 -102.508682 -99.048864 -101.539240 -100.767538 -101.494708 -98.204916 -97.593775 
-98.657967 -99.479927 -104.353641 -100.147915 -100.018636 -99.887295 -98.021435 
-98.346978 -98.945632 -101.963038 -97.173147 -103.605917 -101.199517 -100.377378 
-101.311950 -103.527691 -97.101818 -104.910063 -105.277499 -97.022679 -103.562771 -102.765195 -104.046243 
-100.325773 -100.083789 -101.747026 -103.358897 -102.252417 -98.308286 -101.040138 -104.856741 -101.837918 -96.543793 -98.056693 -99.962244 -98.015303 -99.226637 -96.260970 -102.837718 -101.485385 -96.846965 -99.232473 -104.032854 -98.650795 -103.249062 -100.699255 
-99.559220 -100.825440 -103.565144 -99.889364 -98.760710 -100.402613 -103.950022 -104.686126 -103.626193 -101.597970 -101.550134 -96.734051 -104.371251 -104.154968 -100.626236 -98.102155 -100.767021 -104.917466 -104.450000 
-97.824523 -96.657684 -104.632645 -99.854456 -98.435516 -101.277547 -103.997666 -96.430898 -99.747934 -97.592242 -100.634822 -99.911139 -97.610121 -103.934670 -100.792462 -97.578974 -99.210080 -101.041320 -97.554879 
-97.245558 -102.516067 -99.001651 -103.734087 -98.577103 -102.418726 -97.601936 -97.902860 -103.114609 -102.543929 -100.182630 -99.887508 -105.337070 -99.336915 -104.527944 -96.935210 -101.149770 -97.400588 -104.600096 -101.424995 -99.260389 -103.686367 -96.995000 -98.026014 
-101.732389 -98.102471 -103.444306 -100.653754 -99.161117 -102.939210 -102.519991 -101.100349 -103.765163 -96.734928 -102.450065 -98.156885 -104.519698 -103.343014 -99.021322 -98.740742 -101.039137 -96.340198 -97.247817 -104.660465 -102.814320 -99.272551 -96.504227 -98.580028 -98.394487 -98.137515 -98.877941 -99.921595 -97.662010 -102.544700 -97.379808 -98.044411 -101.053440 -101.081913 -98.900067 -99.174257 -101.941705 
-99.592520 -98.840090 -98.887618 -99.117951 -102.240682 -96.838136 -102.027590 -96.262763 -104.024053 -105.475338 -101.479912 -101.620177 -100.692560 -103.873574 -99.405048 -98.357910 -98.843463 -103.438051 -99.230020 -97.814906 -97.836151 -102.780825 -99.524411 -102.166682 -97.278712 -99.295319 -104.969855 -99.077809 -104.328568 
-103.692075 -102.461752 -104.208193 -99.601563 -102.193416 -100.020581 -97.705044 -98.753485 -102.753515 -97.133781 
-97.652413 -102.993799 -101.059645 -101.851851 -103.022839 -99.797317 -101.947630 -101.211556 -103.021403 -99.529330 -104.851298 
-98.244382 -97.954997 -101.219850 -102.807260 -103.958341 -100.274839 -97.157734 -101.543977 -97.407511 -98.280646 -101.227994 -98.663717 -104.681174 -101.133932 -97.600941 -104.046667 -101.097853 
-97.079290 -99.341308 -104.527492 -99.361787 -99.121816 -98.724885 -97.604058 -103.470791 -96.962903 -98.839060 -104.649260 -102.558137 -103.830076 -98.179101 -97.793296 -97.180364 -96.554299 -97.372647 -96.719374 -103.912525 
-100.868196 -102.315330 -99.698558 -101.609869 -101.792993 -104.217141 -99.650762 -98.064360 -101.142341 -101.691676 -96.939081 -101.417844 -96.482641 -96.909840 -100.605579 -99.349990 -98.940380 
-99.097277 -99.462455 -98.518449 -98.396873 -101.509492 -96.795614 -98.019889 -98.322638 -98.960347 -102.556995 -102.607420 -100.957459 -98.372744 -97.324726 -102.580630 -98.775952 -99.529853 -99.194992 -97.925992 -104.521981 -103.464592 -96.528472 -101.425011 -98.632323 
-103.907311 -101.855232 -100.107797 -100.322352 -98.536908 -100.905188 -101.587257 -101.563033 -100.209166 -102.451075 -96.455603 -101.483154 -97.766841 -100.291182 -101.007238 -99.078143 -98.010301 -101.322630 -96.827936 -96.628435 
-103.020421 -102.515320 -104.697859 -101.226455 -99.019385 -103.507847 -100.336892 -103.970824 -100.048216 -101.817638 -97.853201 -97.151088 -102.490695 -104.848448 -101.681293 -99.032185 -105.480972 -101.388755 -99.154257 -97.714011 -98.914740 
-98.523840 -99.761316 -102.184017 -103.908249 -103.313974 -101.623323 -102.473387 -99.843436 -100.387925 -101.992600 -103.804443 -100.804867 -103.124994 -100.079603 -104.286704 -97.833425 -102.270661 -102.594575 -103.251398 -97.402011 -98.216243 -104.002545 -97.678595 -103.609968 -100.580203 -103.426727 
-103.410970 -101.018427 -100.020399 -99.884275 -104.205214 -103.054304 -99.510721 -98.161357 -102.151748 -99.638600 -98.972642 
-100.683798 -97.414879 -102.915959 -97.142457 -97.334526 -100.752422 
-103.423226 -97.954167 -97.669101 -97.972155 -101.282254 -97.243171 -103.551998 -103.440722 -97.292246 -101.398263 
-104.772237 -101.478271 -100.749106 -99.440407 -104.757622 -96.371309 -102.025217 -102.319680 -102.501184 -97.457374 -99.895553 -100.063659 -99.705003 -100.574361 -102.619550 -97.126455 -103.373949 -96.948225 -97.855237 -103.487158 -99.532919 -100.389007 
-103.708633 -103.600834 -100.430733 -96.658467 -100.511712 -104.365721 -98.299919 -102.949753 -97.235394 -96.830209 -102.966089 -105.032305 -102.870646 -101.353876 -98.496944 -101.320092 -102.951662 -98.309934 -100.123533 -101.024645 -101.129135 -104.803553 -101.511334 -101.804087 -102.859037 -103.450286 -101.819820 
-100.805974 -100.021835 -97.348907 -101.819137 -99.312638 -102.794362 -98.373251 -96.779283 -102.075846 -103.387068 -101.396677 -96.955541 -100.938932 -103.326662 -98.688685 -96.776126 -97.721467 -99.832265 -101.782122 -97.313372 
-101.525217 -97.886144 -99.996855 -97.779953 -101.876064 -99.979567 -102.576322 -102.872631 -98.490043 -99.554011 -98.328550 -98.573611 -98.767158 -102.851985 -96.449271 -102.745758 -96.583347 -98.802085 -102.890379 -102.106579 -100.079228 -98.195502 -104.475124 -100.311994 -100.795409 -99.010772 -98.497150 -98.005329 -99.918097 -105.326970 -97.217338 -99.430411 -96.330546 
-103.687182 -102.109319 -104.315736 -99.415444 -99.765986 -104.316511 -104.885106 -99.561389 -102.362426 -98.055587 -100.694010 -99.819615 -97.764333 -100.631334 -100.915331 -99.691253 -99.261019 -103.710824 -96.670368 -98.704654 -103.423462 -105.245470 -98.401757 -100.516085 -99.220725 -102.260333 
-97.436753 -101.716481 -98.356623 -97.114747 -102.185382 -104.791993 -100.443496 -99.123794 -103.211067 -97.999159 -97.933745 -101.925102 -96.395379 -102.803125 -103.350907 -104.298695 -99.676530 -102.170177 -105.030235 -100.944207 -104.129093 -96.803524 -102.500107 -98.227944 -98.917185 -100.351285 -96.835555 
-96.871466 -98.288735 -103.752929 -102.985544 -96.974672 -103.360111 -102.479931 -102.669829 
-97.511397 -98.767101 -103.302800 -99.540991 -101.016822 -102.984180 -104.963676 -99.636308 -96.768964 -102.774053 -101.709678 -101.090742 -99.151049 -104.225632 -102.447801 -100.508639 
-98.890514 -97.001011 -100.235491 -100.781559 -98.013541 -103.573504 -100.625514 -100.306304 -101.764262 -104.673480 -98.925399 -100.339881 -102.517728 -100.455902 -104.845155 -101.860679 -100.860997 -97.905508 -99.388280 -104.518630 -101.864631 -104.037750 -103.256256 -100.246373 
-100.571432 -99.632303 -103.648564 -100.618747 -99.636927 -100.324562 -97.150539 -102.093131 -104.887201 
-100.644207 -103.682429 -99.937830 
-101.771563 -101.373037 -100.301315 -101.919875 -103.236978 -100.177862 -104.434174 -102.006691 -105.457980 -97.720805 -103.412617 
-104.041815 -98.146447 -98.840519 -99.838150 -103.501975 -101.084380 -97.231771 -98.576860 -97.032179 -97.458567 -103.020330 -103.699308 -100.538951 -105.310765 -98.531191 -103.610477 -97.325923 -97.125839 -99.860768 -101.686105 -98.330487 -100.232004 -97.190356 -99.801071 -96.746429 -102.077238 -98.580709 -99.673878 -102.490124 
-97.755943 -101.642488 -104.691770 -98.685211 -96.446825 -102.925276 -98.668959 -99.508962 -96.638005 -102.075543 -101.425231 -100.588149 -98.242556 -102.447164 -98.125064 -96.888043 -101.595300 -99.169473 -104.000653 
-97.397127 -102.665343 -103.440139 -100.861367 -104.780936 -101.512952 -97.936261 -97.640238 
-103.555439 -98.326774 -100.798169 -103.144677 
-100.218930 -97.601535 -105.104833 -102.698291 -102.547367 -103.295220 -101.310248 -99.400198 -101.985642 -99.233880 -99.628951 -99.878504 -96.279531 -97.377941 -102.325880 -101.425599 
-98.811271 -102.924434 -98.986816 -97.433965 -101.731859 -99.160578 -103.804918 -100.085352 -100.336863 
-101.645354 -103.444831 -100.457448 -104.673197 -102.607719 -98.143908 -97.784722 -99.874819 -97.579136 -100.905542 -97.722511 -98.746244 -98.280450 -98.920084 -96.270614 -97.709313 -99.467573 -97.345292 -104.864436 -99.460694 -102.334663 -99.081611 -96.580968 -101.010160 -103.972347 
-96.430090 -103.470920 -103.733915 -102.010579 -101.133870 -98.969638 -97.422001 -97.761369 -99.323087 
-101.024496 -98.441812 -102.116197 -98.715794 -101.755695 -97.752265 -101.108626 -101.295423 -97.013198 -100.456429 -98.243232 -99.549979 
-98.269248 -104.264850 -99.766626 -98.007967 -104.642397 -97.650813 
-101.565544 -103.362886 -101.950428 -103.514829 -104.078800 -97.427120 -96.848798 -97.459476 -104.629453 
-103.802777 -101.976517 -97.037568 -102.602489 -96.266610 -98.417372 -102.432361 -96.672664 -101.981509 -99.339731 -99.569680 -97.455678 -96.355923 -101.102152 -100.845187 -104.123187 -96.784014 -100.126401 -96.835784 -100.030272 -105.066662 
-100.841917 -98.004488 -101.662629 -105.412840 -97.625444 -104.954731 -97.655169 -101.941529 -103.457397 -97.456315 -100.360624 -102.217321 -101.662423 -97.400697 -103.517095 -102.716671 -99.035511 -104.514516 -102.287075 -100.447285 
-99.255190 -97.990001 -102.690631 -98.983488 -101.939456 -104.615122 -104.616039 -99.742109 -103.037763 -101.810732 -97.224938 -102.736537 -97.112767 
-102.875498 -98.730640 -98.057798 -98.685903 -98.896998 
-104.523754 -100.102512 -102.684096 -103.124794 -99.874151 -96.469123 -99.407644 -101.987634 -97.479623 -102.297435 -102.368269 -97.743464 -102.934764 -98.518307 -104.756571 -101.960000 -101.960797 -98.225220 -103.288968 -98.446249 -101.152359 -99.910606 -97.859796 -99.543550 -98.023835 -102.580575 -102.063727 -102.586402 -102.967044 -99.542104 -98.164914 -98.308160 
-98.170150 -100.323518 -101.660046 -103.882676 -102.545332 -100.261896 -100.488295 -102.493584 -100.950821 
-97.132879 -100.219739 -101.961887 -103.733992 -96.801036 -99.731940 -102.524516 -104.948377 -104.137539 -101.444118 -97.498201 -98.674228 -103.422305 -103.156539 -98.306411 -102.152373 -99.814296 -99.238654 -103.996345 -98.176134 -102.569833 -103.928514 -102.037675 -96.563378 
-96.917310 -102.368155 -104.666953 -98.671893 -100.017147 -101.862705 -98.252253 -104.807580 -97.107283 -97.838314 -104.215466 -98.276943 -98.672456 -100.596269 -102.128183 -103.120914 -97.765047 -104.760780 -98.892841 -100.411590 -103.437430 -103.202023 -98.903695 -102.858423 -103.699504 
-102.231643 -97.880475 -100.719230 -98.430214 -104.144089 -97.000478 -99.510781 -96.292260 -97.085441 -99.152593 -104.719931 -103.818446 -98.998034 -105.172720 -96.520580 -99.248835 -98.406674 -97.588609 -99.750727 -100.566256 -103.585491 -96.844768 -103.590348 -100.366918 -96.517752 -105.227349 -104.530145 
-100.746346 -104.131076 -99.413675 -100.625003 -102.503784 -99.264431 -98.036741 -103.573068 -97.460583 -101.057698 -98.635512 -103.459660 -97.807047 -102.619985 -98.556902 -103.778624 -104.839378 -101.415318 -101.332895 
-98.160415 -99.285487 -101.684495 -100.342430 -97.910236 -102.518964 -102.821929 -97.403794 -100.708051 
-103.575375 -101.996268 -103.109902 -97.729382 -98.307549 -96.943504 -100.701733 -100.411238 -100.024483 -100.544398 -96.793670 -97.080272 -103.717480 -103.101271 -103.187504 -102.726031 -103.968874 -99.339290 
-101.749306 -100.153805 -97.237699 -97.597591 -98.367983 -103.797337 -100.860489 -100.054030 -102.869057 
-103.359429 -100.500464 -105.326847 -105.379330 -103.320164 -100.275921 -96.960299 -102.319299 -96.273232 -97.494323 -101.839863 
-101.078153 -97.209892 -102.258419 -98.428641 -100.081638 -100.769730 -103.395466 -103.661203 -99.749123 -98.827204 -103.850929 -101.913601 -105.191587 -98.599003 -97.027623 -102.339198 
-97.423763 -98.417339 -100.839352 -102.983051 -96.880693 -100.793741 -96.419414 -100.965002 -102.089313 -96.945412 -105.319651 
-97.045414 -97.361822 -99.939033 -101.050038 -96.939504 -102.801779 -100.423628 -101.717998 -103.801174 -101.014720 -101.573531 -100.430553 -102.692706 -98.830209 -96.876776 -103.922380 
-96.931820 -103.240137 -103.713621 -99.807080 -102.045044 -99.251430 -102.518672 -97.279977 -99.796903 -102.820582 -96.616433 -98.257230 -103.085637 -97.266486 -99.809710 -102.161949 -100.711135 -103.411938 -102.999079 
-97.321556 -98.690268 -99.413400 -98.101390 -104.513101 -96.823748 -102.069290 -103.418548 -100.808667 -100.243117 -103.589450 -96.366290 -103.893124 -97.715791 -98.128677 -104.292099 -98.566912 
-99.353634 -99.510634 -102.217732 -104.715057 -96.583337 -98.221639 -97.160881 -99.196889 -103.330115 -103.538347 -104.857282 -101.224089 -105.187669 -103.685755 -101.937962 -99.822427 -98.871271 -104.590493 -101.912050 -101.127829 -102.325619 -97.912506 
-102.636852 -100.114454 -100.911274 -101.696140 -103.183481 -97.860271 -98.417006 -101.617208 -101.983362 -99.579834 -96.858719 -103.596003 -98.571428 -101.552405 -98.818219 -99.144322 -102.142037 -97.926784 -96.356740 -98.645822 -96.370679 
-97.539120 -103.336771 -104.324062 -103.751085 -101.843686 -102.643153 -97.214437 -99.799680 -98.822860 -100.763119 -103.795983 -102.010460 -101.218507 -103.420643 -97.538786 -103.447178 -101.792222 -105.443271 -101.446832 -97.324924 -97.585358 -103.934290 -100.235741 -104.026323 -98.605611 -100.270077 -103.275781 -100.382133 -103.936629 -100.482728 -100.619758 -104.343902 -100.703611 -104.293105 -104.318899 -97.402381 -98.295404 -103.088007 -101.755447 -100.308642 
-101.836609 -101.546592 -98.168528 -98.016833 -99.980174 -102.817324 -101.926353 -102.819448 -96.716002 -101.914131 -101.414274 -100.862983 -97.205945 -99.772078 -98.011869 -104.298912 -97.285213 -99.614135 
-104.941337 -105.271118 -104.902851 -100.609107 -101.412871 -101.083187 -97.934441 -101.934225 -98.826891 -101.636124 -101.409728 -102.648934 -102.580052 -99.292127 -103.970014 -103.419072 -103.820728 -101.267631 -98.080386 -99.068251 -102.718652 -96.656377 
-103.723331 -98.276917 -99.600730 -103.669550 -98.543063 -98.908405 -100.617027 -98.475741 -100.954578 -100.862776 -101.017250 -103.019640 -103.902528 -98.677608 -97.189963 -97.373155 -100.006152 -98.918723 -96.671121 -100.762368 -100.062752 -96.781704 
-99.247659 -96.915310 -102.906180 -101.687113 -98.550421 -100.053428 -99.492479 -99.423949 -100.812384 -100.917935 -98.423431 -100.706989 -98.513224 -99.863859 -97.883918 -102.523402 -104.214037 -97.972694 -104.430143 -102.545448 -96.536978 
-101.303794 -97.771158 -104.914524 -103.583604 -100.072364 -104.507756 -99.432819 -99.274022 -100.005324 -102.738450 -100.563506 
-103.507291 -98.850008 -102.118680 -97.719775 -100.224133 -96.933428 -97.474652 -101.941235 -97.108911 -102.194577 
-105.538388 -99.120234 -99.885905 -100.055752 -101.396887 -98.625513 -104.638224 -102.212158 -98.807388 -101.145121 -98.705285 -96.350364 -96.704295 
-103.368909 -102.798548 -98.144624 -103.842871 -96.784293 -105.038124 -104.051536 -99.871696 -103.317182 -103.932044 -102.747066 -103.943289 -98.334235 -97.749001 -98.753402 
-101.632289 -99.745008 -102.090312 -99.403599 -96.662104 -103.998078 -102.792664 -98.603747 -99.547818 -98.683803 -103.336144 -98.185104 -101.597982 -101.924777 -103.208694 
-98.685725 -102.291485 -103.030011 -104.108999 -104.399607 -103.522342 -103.479538 -100.204872 -104.792628 -97.131628 -99.502406 -101.174423 -102.163582 -101.465030 -104.336021 -102.299063 -98.151860 -99.989327 -101.682582 
-98.826948 -101.451511 -103.048963 -102.731488 -103.723327 -102.558974 -102.931065 -97.807971 -103.814115 -103.357321 -103.081850 -96.387816 -97.514805 -104.936110 -101.292228 
-101.384910 -98.767938 -97.754905 -102.595783 -104.803106 -100.849587 -101.990278 -99.909319 -98.861014 -99.152113 -97.526911 -96.155189 -99.413981 -100.562408 -105.139418 -98.704184 -96.295002 -100.327320 -97.848169 -102.308732 
-103.554941 -102.126489 -104.916102 -103.734951 -99.760877 -103.470336 -98.004688 -100.890704 -102.097522 
-98.745208 -103.216882 -102.066179 -98.141848 -101.363144 -102.590411 -96.921529 -102.537744 -98.481800 -97.141871 -101.356618 -98.363158 -98.149111 -104.278479 -103.132388 
-99.193914 -96.999424 -99.786747 -101.636698 -97.400546 -99.976943 -102.739389 -104.118700 -100.680828 -99.313601 -105.663301 -97.482322 -99.351779 -97.983521 -97.709632 -102.518889 -100.844434 -104.671376 -104.244271 -96.401485 -99.251961 -104.413666 -98.977390 
-102.982714 -98.649096 -102.125082 -102.763606 -96.911762 -97.518023 -97.093909 -100.367722 -98.603458 -96.809552 -101.666856 -101.840280 -98.981922 -100.300798 
-98.317037 -103.487835 -100.869900 -100.082005 -104.416110 -102.669791 -103.115746 -96.597508 -105.184908 -101.457336 -101.226626 -101.533698 -103.285378 -101.306332 -102.575904 -103.110806 -99.974182 -98.815732 -99.494036 -104.067586 -99.415987 -101.274479 -102.871670 -99.656301 
-96.697687 -103.897396 -102.769820 -103.480336 -99.817158 -96.592508 -100.688297 -102.403599 -103.064185 -99.611246 -103.123577 -101.455654 -96.583286 -98.353847 -104.983697 -98.827511 -100.050480 -98.596288 -97.208879 -98.913207 
-96.454359 -104.253125 -103.165281 -101.177956 -97.958456 -97.229189 -104.139304 -102.516228 
-103.209626 -100.391068 -103.248164 -98.069098 -101.926361 -99.960205 -100.893643 -100.843552 -97.246982 -100.265175 -97.183545 -99.479146 -104.814668 -100.467830 -96.868763 -101.966815 -97.113182 -97.472885 -102.028081 -100.576367 -104.665628 -96.653973 -104.499458 -102.898283 
-102.439663 -97.050936 -105.103812 -104.931440 -99.672509 -98.463175 -103.224783 -99.796253 -101.978297 -100.448128 -96.583993 -102.421168 -96.992159 -100.570774 -105.439087 -103.052288 -100.525942 -99.862584 -100.277315 -98.195061 -98.360070 
-102.189481 -97.271814 -101.282272 -101.794801 -102.531247 -98.427308 -103.531579 -97.950949 -102.529984 -99.825128 -103.260795 -101.413461 -102.129264 -104.882261 -101.212206 -98.910680 -97.925037 -103.559680 -97.269095 -105.088554 -101.951946 -98.384980 -96.465127 -97.817020 -98.444278 
-96.522188 -97.217105 -103.039259 -101.264368 -101.045889 -100.747450 -98.816217 -98.180883 -99.613994 -100.722387 -99.451084 -98.963743 -96.374576 -103.735983 -104.405072 -97.644324 -104.523561 
-104.965587 -99.641908 -99.547704 
-96.610494 -97.251303 -101.419430 -103.665775 -98.678055 -99.301955 -99.189848 -99.007328 -99.806956 -101.579962 -105.093475 -97.504719 -101.761560 -103.978076 -103.381847 
-104.182326 -103.068293 -99.113968 -97.518954 -97.625592 -103.094182 -102.947997 -100.702866 -98.529668 -96.980728 
-100.019808 -97.335542 -98.116937 -100.520282 -105.173945 -97.440041 -99.116874 -98.013120 -98.913879 -98.363404 -97.988621 -100.312846 -105.124711 -104.117804 -103.583876 
-98.658354 -101.755556 -100.985858 -98.858754 -101.403397 -98.966598 -99.833941 -96.482656 -103.246182 -105.228347 -99.442779 -96.957451 -103.155202 -104.658826 -97.605910 -102.588034 -98.811891 -101.671865 -100.673509 -101.920583 -103.932450 
-98.015139 -105.161131 -104.155551 -100.582863 -97.373515 -98.887650 -102.749661 -102.018551 -103.508317 -97.797356 -101.849514 -97.911742 -102.113530 -102.264171 -100.053439 -98.818313 -103.747433 -98.268186 -97.977086 -101.607460 -98.631577 -101.669061 -99.290192 -102.505246 -104.948356 -101.659437 -101.038094 -100.133412 -96.860316 -102.749451 -99.241744 
