19.773595 18.748446 20.415797 19.264776 19.983072 18.328688 18.872096 20.268385 19.201491 19.608991 20.640343 18.970138 19.812186 20.353076 18.431883 
18.783682 20.193058 18.449018 19.047257 19.165241 18.978354 20.309487 20.015279 20.096011 20.463663 19.457220 19.568935 19.956118 18.504389 20.305977 
20.240301 19.498322 19.870241 18.759163 19.354278 18.533982 19.894903 18.384559 20.267725 20.181672 19.428561 19.628063 19.023699 20.541501 18.456438 
19.275870 19.028494 19.151214 19.873839 19.405983 18.710622 20.343570 19.902495 19.314719 20.010956 18.545484 19.221793 20.375876 20.006769 18.738312 20.356774 19.531493 19.422850 18.664280 20.184858 18.734397 20.452309 18.754136 20.172086 18.492447 18.354550 
19.733362 20.646096 19.648736 19.635739 19.968329 19.222095 19.458058 18.445128 18.528418 18.487754 18.353292 19.544864 19.625857 19.055206 19.664761 19.533225 19.174899 18.631280 18.593944 19.887631 18.906505 20.425252 20.015350 19.946600 19.592052 
20.593019 20.174482 19.423913 19.298420 18.813612 18.556498 19.194868 
18.961297 19.015532 19.684677 19.205011 19.252677 19.266726 19.576898 
18.845670 20.046401 20.352964 20.214280 20.161103 20.231469 18.806347 18.670417 19.110641 
18.973221 20.614710 19.055912 18.814695 18.517797 19.292905 19.912592 20.146236 19.075960 18.969529 18.771155 19.677077 20.444600 19.336901 18.500908 20.182512 19.741309 19.857773 18.987507 19.324555 19.746072 18.462943 18.566088 
20.609893 18.408154 20.235727 19.451139 19.057701 20.200692 20.536511 19.852250 20.611750 20.644635 20.225043 18.733148 19.127108 19.571622 20.220161 19.029625 20.269153 19.774229 19.768813 
19.803727 19.548223 19.671368 19.913067 19.603179 18.567412 19.091481 18.708868 20.528099 20.536817 20.344766 19.547872 20.536165 19.786309 18.996990 20.462117 18.445931 19.225804 20.239173 
18.578012 20.216783 20.454066 18.879725 20.194060 18.408674 19.059156 18.781251 19.813646 18.676218 20.471742 18.666227 20.038612 19.635633 19.803729 19.612816 20.006991 18.318427 19.228505 18.988739 20.611983 20.290837 18.713516 19.313345 
18.352638 19.567882 20.376640 20.073800 20.112884 19.418151 20.488739 18.490659 20.587785 18.481639 20.445757 19.527609 19.520401 18.409110 19.425990 20.192828 19.354619 19.474594 19.991227 19.689968 19.250892 20.144900 18.743427 20.050300 18.487928 18.689464 18.819730 19.622002 18.609416 18.603688 19.372654 18.589378 19.541595 19.821041 19.369447 19.967056 19.630673 
18.588543 19.562614 19.764278 19.271782 19.875935 19.642500 20.591435 18.914067 20.395409 20.200544 20.079616 19.443972 20.151240 20.559456 19.100539 19.900325 19.354230 20.399083 19.878528 18.822662 20.151037 20.589070 20.110746 19.096956 18.361273 20.351917 19.905355 19.657047 19.711195 
19.629803 19.569913 20.450878 19.045712 19.209687 19.401035 19.497683 18.463677 19.389638 19.397362 
19.013288 19.929006 18.543141 19.451788 18.937795 18.376492 19.949161 18.581057 19.364909 19.675810 20.136955 
18.578540 18.651483 19.176087 18.612308 19.217690 20.004238 19.486877 18.788799 18.363686 19.662358 18.491944 18.959349 19.599768 20.380618 19.257040 19.833869 18.470272 
19.090931 20.307229 19.853361 20.240424 20.501148 19.511063 19.959808 18.722882 19.446469 19.504659 20.399261 19.335537 20.005478 20.362657 18.654350 19.005023 19.366946 19.642945 19.680881 20.494696 
20.556389 19.651814 18.539943 19.049478 19.215123 20.170177 19.851273 20.554252 18.700219 20.354387 19.201274 18.359707 18.954598 19.352725 20.189339 20.251975 20.497326 
18.532674 19.493578 19.083820 19.613676 19.456330 20.042469 20.355121 20.228141 19.964414 19.686338 19.279159 19.860158 18.744029 20.344506 19.436762 19.635736 20.158937 19.397728 18.621858 20.100004 18.739320 19.858850 20.574783 19.244683 
19.652820 20.150081 18.485710 19.504075 19.433871 18.514664 18.790691 19.635550 18.744017 20.336097 18.777714 18.411728 19.437284 20.391810 20.058100 20.584669 18.777176 20.074269 19.096903 19.945221 
19.208591 20.205094 20.088153 18.922319 19.642382 18.444499 18.369848 20.141665 19.819897 19.671716 20.432877 18.328002 20.409573 20.222316 20.507458 19.350505 20.397393 18.703800 19.171233 20.482406 20.626350 
18.737829 20.610848 20.195039 19.163758 19.008121 18.943423 19.814274 19.251894 19.033316 19.573051 19.720956 19.818804 19.990833 20.048265 20.620501 19.330604 20.370825 18.951488 19.746497 19.664013 19.622097 19.357951 20.440846 18.712869 18.502876 20.353730 
19.477291 20.278655 20.376877 18.744749 19.291176 20.007253 19.295526 19.389664 19.186743 20.096153 20.631092 
19.203204 19.132182 18.593634 19.950229 18.335901 20.137503 
18.989637 20.166461 19.362276 19.103611 19.576298 20.373506 19.287936 18.556448 20.080700 18.354033 
20.011880 20.452924 19.139571 20.214089 20.512548 19.339197 19.360182 20.011700 19.905270 19.601510 18.604136 19.209460 20.200774 18.722053 20.140151 18.743561 20.160354 19.693245 19.488242 19.574014 18.459094 19.873946 
18.931570 20.386724 19.819489 19.138759 20.633432 19.876913 20.284205 18.772381 19.249344 18.988927 19.978061 20.270955 18.649242 19.538509 18.349973 19.825006 20.599305 20.379789 18.659110 20.545437 18.959803 19.799698 19.097131 19.702510 19.281081 20.360915 19.106261 
18.671083 20.592977 18.658577 19.544845 19.876039 18.549378 18.850900 19.559141 20.246438 19.208609 19.057981 20.184954 18.641763 19.126264 19.184786 19.335567 19.172782 18.450499 20.307830 19.818576 
19.552458 20.474961 20.590319 19.315654 20.606389 18.989660 18.370790 19.698145 18.726057 19.449127 20.096476 20.370592 18.382894 19.067786 19.637544 18.853955 19.611466 19.074772 19.234821 20.057504 19.045381 18.370756 19.227364 19.697658 18.910823 20.173910 19.763977 19.207938 19.877658 19.982104 18.990888 18.973447 18.795152 
19.352572 20.466689 20.002513 18.895179 19.705232 19.142701 20.197991 19.131614 20.010329 20.244642 19.227345 19.973435 19.632654 19.668854 20.604807 19.094584 20.169225 19.876663 19.029814 18.745363 18.391037 20.529516 19.159522 20.321896 20.326546 20.219828 
18.586881 20.482690 20.018254 20.489272 19.938634 20.558807 20.358541 18.374180 19.367163 18.546383 18.344324 19.061989 18.659832 20.000509 20.014724 19.437838 19.111569 18.690461 19.780680 18.945771 20.111822 18.947273 19.461303 19.720071 19.830632 18.723602 19.241853 
19.971296 19.065163 19.314280 18.919383 19.335232 20.118824 18.419081 18.543598 
19.017999 18.746531 18.532257 19.777355 20.608062 20.218695 20.581480 19.558899 19.027482 20.249965 19.929369 19.141423 18.444045 19.251647 20.590073 18.392411 
19.650078 20.030150 20.279113 18.439403 19.992861 20.133958 18.565872 19.578130 19.156988 20.173250 18.662211 20.071835 19.977341 18.452605 20.605641 18.692881 20.641296 18.801174 19.217448 20.026549 20.644527 19.010627 18.678237 18.823369 
19.231060 19.601453 20.486486 20.293001 18.814121 20.261931 19.630605 18.650035 20.060837 
18.406530 19.878893 20.201100 
18.369333 20.497000 19.943163 19.893919 20.528961 19.206966 19.140193 19.517108 20.168851 20.536719 19.373899 
19.436684 20.585979 18.414359 19.736434 20.375124 19.859765 19.820745 19.215239 19.264595 19.880624 19.980015 20.427386 19.685837 20.469879 19.622892 20.365382 18.583836 19.909231 20.314587 19.665932 19.528847 18.660546 19.432537 20.467957 19.408554 19.198718 18.764445 19.394750 19.520868 
18.631901 19.625469 19.519449 18.884572 19.451093 20.081151 19.926320 20.542250 19.852871 20.553227 19.208430 19.260157 18.726024 19.074982 18.759912 20.009614 19.994259 20.424378 19.451542 
18.508681 18.810126 19.107286 20.175546 19.372088 20.003061 20.284325 20.286618 
19.623933 20.491294 18.514357 18.533468 
20.188317 18.669984 20.382651 20.269268 18.602299 19.862890 18.570597 18.444539 18.624265 20.264877 18.699316 19.342407 19.013398 20.007711 18.521426 19.793730 
18.850837 20.569483 20.104376 18.539713 20.444936 19.000832 19.127301 18.828624 20.439076 
19.231356 20.009035 18.773478 19.386287 19.476934 18.724410 19.316632 20.228493 18.466164 19.533282 19.831819 20.292788 20.066543 18.702365 18.485376 20.167053 18.472773 19.357886 19.545513 19.489739 20.032561 18.744926 19.144279 20.065163 19.550403 
18.879342 20.558294 20.553580 19.968496 18.805810 19.628020 20.049288 19.903778 18.352508 
18.511674 19.333215 18.498449 19.111152 20.505025 18.785495 19.883709 20.199375 20.218342 19.658402 19.678678 20.358830 
18.510259 19.107050 18.705008 20.305121 19.454187 18.856864 
19.598810 20.093652 18.997427 19.700728 19.650261 18.919900 19.455820 18.793773 20.232798 
19.979301 18.718552 18.693004 18.765504 18.982202 19.621927 18.413015 18.925806 20.027935 19.768279 20.564805 19.503349 18.493058 19.753032 18.714937 19.491305 18.484735 20.300721 18.473247 20.637450 20.074978 
18.480478 18.335956 20.453493 20.249451 18.631391 19.733245 19.055485 19.483824 18.346110 19.285655 18.591961 19.541411 20.070835 20.312288 19.218878 18.529608 20.445341 20.451234 20.290612 19.576196 
18.610164 19.006062 20.567580 18.615988 19.378800 19.390527 20.519388 18.769258 20.445244 18.385482 19.479856 19.067551 19.291250 
19.148602 18.817111 18.467115 19.364973 20.396811 
19.308060 19.289566 19.043373 20.023646 18.979219 18.976019 18.850945 18.438608 19.741970 18.352957 20.312448 19.755768 20.416675 19.860401 19.374355 19.170283 19.905456 20.209041 19.058137 18.603670 20.525910 20.202439 20.063001 18.547722 19.941631 19.181567 18.948454 18.975713 20.591544 20.629640 19.830457 19.522116 
20.556916 18.929934 19.243600 20.221685 18.649580 18.706681 19.646921 18.510939 18.649937 
18.833846 19.682980 18.416998 19.899971 18.867844 18.780057 19.766146 19.996367 19.918161 20.510794 20.391528 18.710640 18.786926 18.484555 20.212609 18.677580 18.773357 18.710099 19.982074 18.781456 18.751237 19.572860 19.786822 18.673840 
18.843418 20.442465 19.930591 19.384728 19.639921 20.585062 18.366940 19.757799 19.095590 19.691839 19.010010 18.649023 19.097949 19.418894 18.822980 19.687239 18.781900 20.251554 19.717964 20.412089 19.252110 18.956690 19.774536 19.448546 20.517645 
20.098231 19.562998 18.638870 19.338031 19.628168 19.950183 20.539514 18.546387 20.040321 19.031471 19.988971 19.362830 20.560759 19.717202 18.489897 18.782857 19.139414 19.721518 19.968220 19.890957 19.885414 18.888147 18.821965 20.549405 18.754367 20.389814 19.903170 
19.618408 19.005596 20.210019 18.446555 18.549102 20.541275 19.216795 19.307260 19.056291 19.483250 19.556299 20.152223 18.607434 19.124216 18.469382 18.849505 19.820576 19.443208 18.397695 
20.624401 20.636820 18.966646 20.336785 20.314209 19.845945 19.234579 20.003059 19.431928 
20.419000 19.332961 20.327705 19.337103 18.817454 19.919799 20.286423 19.400654 20.279908 18.845940 19.594643 19.275978 18.863626 20.477640 20.538801 19.164000 20.412228 20.520265 
19.313411 19.241068 20.570377 20.006337 20.298741 19.012093 19.863547 19.045821 18.396736 
19.680108 18.689265 20.363571 20.125370 19.383191 19.028628 18.511385 19.565819 18.716408 19.695272 20.401393 
19.692256 19.155140 18.516709 19.835337 19.314249 19.342695 19.529859 18.878601 20.242072 18.810152 19.550547 18.944536 19.999994 19.023755 20.386762 20.391497 
20.087107 19.425683 19.746527 19.240390 19.675136 19.306588 19.574873 18.740223 19.703867 20.329075 19.990498 
18.351525 20.594118 19.744927 18.733753 19.765398 18.438966 18.645875 19.738709 20.280859 18.610560 19.555679 19.189985 18.909393 19.951344 19.214304 19.826290 
18.674639 20.423345 19.456673 18.598786 18.891161 18.697963 18.928143 20.033706 19.250378 18.799873 18.379518 20.037059 18.398680 18.881388 19.471924 18.651845 19.849745 18.502345 18.545191 
18.806818 19.688794 20.375530 20.245562 20.651338 19.733582 18.557966 19.966245 20.306703 19.731976 19.189434 19.397894 19.186765 18.834699 18.487062 19.326718 20.452971 
18.599304 19.741440 20.416494 19.724590 19.163123 18.908896 18.714368 19.717355 18.336797 20.261712 20.268326 19.460098 20.336611 20.502106 19.285327 18.365724 19.906171 19.771300 20.447808 18.513584 18.707785 20.369668 
18.758507 20.615211 20.214936 19.156287 20.507429 19.298768 19.997647 19.546757 20.574268 18.342456 19.643069 19.472636 18.882356 18.760353 19.417728 19.456512 19.638445 19.362135 19.372629 19.719768 19.509472 
18.665634 19.814097 20.425666 19.393717 19.010325 19.805352 19.126443 19.627755 19.518185 20.512452 19.716860 20.076636 19.417140 19.130009 19.618548 19.124783 18.729120 20.127755 18.468984 19.432414 19.464018 20.057478 20.521581 20.647389 19.310699 19.137798 20.548281 18.549027 20.563193 20.036534 20.386717 19.852528 18.711172 20.469489 19.450808 19.874354 20.374127 19.593190 18.832239 18.561470 
18.663425 19.293554 19.609515 19.603967 19.200231 18.675552 19.454362 19.753886 19.157650 19.914841 19.415716 18.372822 19.938550 20.215174 18.573144 19.170172 20.040787 18.797360 
19.949840 20.016600 19.766959 18.481526 18.825657 20.523186 19.715270 18.724728 19.787332 20.263905 19.757398 19.069639 19.398132 19.311589 20.509410 20.145033 20.564425 19.951879 20.114844 19.787646 20.607073 19.472090 
19.772894 19.010932 19.251512 20.648218 19.288227 19.129426 20.293196 19.491136 19.849144 19.807704 19.187554 19.254231 20.511883 20.124034 19.201615 18.860343 18.764672 18.482227 18.373612 20.205478 20.600133 19.535575 
19.901950 20.271206 19.991176 19.121210 20.384439 19.156079 19.698950 19.413933 18.641835 19.141750 19.294477 18.731789 19.004029 19.887610 20.599206 19.507555 20.444268 18.592322 19.930435 19.657236 19.710191 
19.137147 19.963871 20.053354 20.167652 18.363804 20.139570 18.716376 19.361278 19.714842 20.559028 19.156707 
18.985064 18.595285 19.461693 19.835244 19.234396 19.342384 19.833437 20.090432 18.516279 20.302520 
20.228237 19.448292 18.473553 19.621801 18.634281 18.461254 20.215712 19.677540 18.474808 19.620176 20.036632 18.638918 20.014258 
20.066558 20.169204 19.401898 20.503396 18.415811 20.574306 20.596182 19.790573 20.248356 20.276375 18.355934 19.337684 18.940721 19.788508 18.481676 
18.564070 19.284721 19.028535 18.796805 18.499333 20.139762 19.445757 20.628775 18.806012 20.595829 19.791456 19.884264 19.567538 18.985883 18.994366 
19.759740 18.663756 19.439314 20.428482 19.819009 19.914012 20.335631 20.225128 19.748955 20.075216 19.611157 18.332980 19.839607 20.128181 20.549050 19.728592 19.677280 20.546992 20.308667 
19.879924 19.708841 20.552239 20.070341 20.012705 19.554212 19.720115 20.482947 19.232200 18.721127 18.465921 18.598045 19.356550 19.735597 20.051367 
19.329137 20.024590 19.693200 19.621512 19.457429 18.896841 20.527189 20.056502 19.493487 19.939150 19.706141 19.190771 20.172667 20.525496 20.605654 20.403817 18.381582 20.096390 20.436565 18.463947 
20.109143 19.980627 19.766025 19.623092 19.429824 20.591676 20.137071 20.400404 19.625834 
19.041447 18.585912 20.614243 18.967144 19.026589 20.275811 18.891350 18.547631 19.522980 18.688358 19.700963 20.376743 18.433527 19.954692 19.606306 
18.555059 20.057630 19.773080 19.840484 18.915324 18.639182 19.133794 20.131955 18.747358 18.329224 20.346180 20.187743 18.943810 19.972219 18.800418 18.966399 19.043988 19.517471 20.411878 19.429844 20.415916 20.592015 19.300191 
18.650282 19.619046 19.960096 19.227842 19.942164 19.993840 20.135518 19.632146 20.071506 19.429911 20.257074 19.704292 18.727395 19.704623 
19.897251 20.638469 19.986937 19.612968 19.139546 19.951692 20.388052 18.798058 19.818279 19.272599 19.928679 19.074134 19.100594 18.917922 18.717441 18.650152 20.442382 20.401714 18.589178 19.075963 18.849887 20.322778 19.828518 20.547383 
18.550242 19.844415 19.963616 19.707775 20.536279 18.517250 19.952256 20.370406 19.545170 19.483686 18.960033 20.263263 18.504853 19.783640 20.211118 20.334724 18.802238 18.806061 19.949693 18.485652 
18.668637 19.711998 18.794101 20.103273 20.423719 19.883616 19.427241 18.432494 
18.420574 20.115046 19.875799 19.754817 19.897791 19.296028 18.441150 18.774142 18.974227 20.281617 19.817666 19.004077 20.181339 18.898535 19.968141 18.438440 20.167130 19.170592 20.607975 18.386880 20.377132 19.572336 19.216706 19.747712 
20.503841 19.618519 20.502749 20.252217 19.200308 20.264040 20.141575 19.146359 18.706631 19.704924 18.644600 18.528731 19.239784 18.999274 20.406387 18.861864 18.528287 20.544980 20.257901 19.953054 20.160073 
18.985584 20.048570 19.020012 18.734785 19.073078 19.821760 20.169073 18.495644 19.918170 20.173448 19.421808 18.827402 19.907649 19.676476 19.095725 19.061037 19.497836 20.613930 18.692392 20.372843 18.576406 18.493772 19.025838 19.188522 19.877329 
18.454837 19.155011 20.385732 19.742531 19.742134 18.536967 19.522787 18.888962 18.519645 20.055670 19.045753 19.310313 18.904309 19.696925 19.259875 20.126749 19.747292 
20.434715 20.370888 19.477628 
19.884129 18.893415 20.463388 19.656665 19.343217 18.810772 18.508981 20.125375 18.880884 19.118461 19.713826 20.527736 18.349951 19.039644 18.657343 
19.315573 18.884746 18.780960 20.008195 18.727036 20.247414 18.496430 20.401405 18.926347 20.264884 
19.953618 20.235651 19.929083 19.399305 19.763965 19.330024 20.036193 19.772495 20.383556 20.585264 19.127780 19.042040 20.168389 19.108729 20.159977 
19.641918 18.438042 19.723312 18.959907 19.436452 20.354239 20.130979 18.706833 20.607842 20.364868 18.458927 19.505149 19.363286 19.606363 19.000610 19.708949 20.251125 20.608903 20.265925 20.478328 19.537002 
19.155728 19.737774 20.200760 20.073750 20.406814 20.002976 19.303972 19.042257 19.084989 19.274774 20.480442 18.481785 18.398874 20.614904 20.598029 19.371802 20.476983 19.111143 18.579954 19.309735 18.935290 18.549643 20.306918 20.177912 20.232432 18.867938 20.218109 19.689409 20.112163 19.445361 20.314926 
