1.768806 36.710522 2.341784 1.542100 0.212478 80.795169 4.067309 2.916228 47.655633 1.743452 131.414571 11.549413 4.081182 5.403065 134.230600 121.100569 2.743704 0.684619 
1.578570 0.629512 17.555955 71.627183 9.443247 3.212824 6.156908 2.728940 5.713698 11.942645 0.673393 261.419735 26.080926 1.717992 58.085112 9.469364 4.795023 105.046340 15.924782 9.169105 5.259847 
1.978355 0.400637 181.570843 1.443049 13.786555 0.111959 6.471055 6.449388 0.292597 0.600246 0.194024 9.277452 1.160360 91.382068 11.894813 8.159513 
7.918071 1.739573 0.778362 0.487064 1.796689 4.989567 0.187782 83.264828 1.223832 3.342849 13.469534 3.619731 0.079177 2.305244 1.671629 0.114846 4.968921 4.096825 2.970469 0.803664 6.368990 1.157064 1.021594 0.819490 1.811853 2.505857 0.231384 0.778173 
1.546007 11.958677 0.109070 1.697524 11.495837 0.391442 2.219948 51.859652 10.042723 1.531700 0.539165 9.370828 16.240450 1.838901 10.247214 2.145665 0.422339 9.570089 1.301940 0.200474 5.785494 5.348891 0.328706 20.795400 2.357676 2.923606 6.449891 0.503502 1.629359 1.060062 
2.379437 2.846595 22.823764 19.722152 0.833927 1.402908 43.338893 1.637957 71.096556 0.756908 4.121231 33.400238 7.938519 2.831749 2.392306 1.673869 4.698876 320.655227 0.771938 0.777348 0.271863 0.290811 6.339688 3.060912 3.319382 8.931411 7.784733 2.496727 6.600939 2.869188 11.588264 11.369067 3.601908 0.105428 5.188952 4.521452 1.433397 3.912020 
2.094992 19.262226 0.127993 17.749083 77.360705 0.086666 57.268206 0.909609 1.282656 4.879757 0.657369 8.473984 9.961768 9.881920 3.103162 2.184601 15.259801 0.683530 4.157664 3.824762 
4.298369 62.796490 0.142936 7.496262 1.464569 30.182861 0.416780 4.385608 244.201052 42.734153 15.453187 10.448639 2.333321 2.702475 2.727709 6.511366 0.611920 10.407980 
11.813875 9.861927 71.603590 7.367128 0.499439 6.613457 1.341216 0.537953 53.434833 12.344368 16.702477 0.603197 2.207082 87.452352 4.137814 28.415729 5.840271 1.866363 2.246189 1.204177 5.149828 
2.756026 8.374318 12.462255 12.630428 1.065877 1.427804 11.825078 0.699348 6.133440 1.783451 145.776579 2.259904 10.431760 19.730998 17.785375 1.723321 3.754304 11.239837 3.698206 
1.367334 12.737151 1.085142 3.584690 8.500008 18.293460 61.160573 0.882269 9.969708 2.389721 0.314709 0.417047 4.502500 0.579709 12.871319 1.431052 19.038487 1.498971 14.861726 2.426105 14.112194 
13.875415 12.965887 0.050686 17.333878 2.235346 0.539187 266.071725 61.584397 0.335006 1.447403 2.164928 2.003416 39.572846 5.351587 12.936479 7.815609 4.091373 0.694179 2.337946 32.185185 4.289207 2.905832 5.604369 1.006829 9.561688 
13.552454 2.294203 0.849671 5.149638 0.426196 25.798153 0.773321 6.363105 2.406143 72.015638 42.543295 28.095384 3.675170 117.702605 2.861535 75.843766 102.875233 0.676570 1.129867 0.677798 2.104481 4.244982 6.633703 0.275873 0.060693 5.483561 
2.586386 0.507016 21.614435 1.584120 63.059884 41.509212 177.516959 5.011590 0.252979 137.366646 3.901800 3.529970 3.239134 3.555749 3.505823 184.641052 10.668858 0.792288 7.470653 13.792051 0.066769 130.021706 134.969182 2.228123 1.353849 1.483104 
3.796222 2.046812 6.909948 139.762314 2.270386 39.422215 11.675069 1.744526 9.906585 0.244135 0.505383 4.659150 0.613571 26.519901 1.065242 0.840021 3.438188 26.524500 0.382314 0.085830 1.297227 0.409216 0.545174 0.516566 1.682828 15.723580 21.127188 10.489487 3.919081 23.218180 52.618362 8.625246 0.137497 12.851211 0.115077 9.036628 4.467437 0.305698 0.926888 1.669178 1.560960 0.119592 0.975437 
3.410297 3.756159 0.350006 84.598195 1.501910 0.125568 0.708594 0.122871 17.426805 3.271991 7.946647 1.540779 25.516191 2.197805 0.046916 8.519290 1.076512 30.089611 45.881138 19.302088 0.017890 7.438628 0.742279 11.030136 8.384438 1.352303 0.948238 6.888883 14.947524 0.258410 0.105721 2.681828 1.072801 1.124709 1.557997 1.730859 47.000986 0.078393 0.577605 
4.913978 27.910326 8.778919 0.234767 14.320785 4.452385 0.174909 96.935613 0.417311 17.831564 0.746371 0.594877 0.196001 1.885537 4.848982 1.515786 2.228078 4.679388 16.411956 0.284855 0.568246 10.831628 0.020348 11.223006 2.569456 0.911912 2.577768 3.830953 7.320505 
1.743620 0.461044 7.761522 0.747716 1.965661 0.414559 14.347465 3.973703 2.998085 0.042044 0.674165 0.602666 1.554058 0.453570 3.692292 7.354491 0.123838 1.324202 7.637810 0.619253 31.047790 131.654912 7.631713 123.319274 0.985852 76.697353 15.827675 10.265013 1.905090 22.818146 0.659973 15.335663 28.498860 10.051706 0.128383 20.289003 3.840704 145.086041 1.115538 0.345380 1.131736 6.012516 2.535980 3.145421 2.856385 3.157456 0.763738 19.202172 11.455119 
36.007218 0.128633 10.505861 0.220379 0.618076 0.339401 7.438196 0.590435 4.073650 15.109097 71.830979 2.571511 6.396364 17.645652 2.406066 103.460018 9.343282 1.926248 10.060032 27.464523 0.221219 0.087809 1.099100 2.807804 15.336902 2.659554 
1.998734 3.668519 124.750016 0.727087 0.081950 0.839334 9.711144 0.925509 3.243265 10.771102 18.269760 191.620851 3.250241 59.836784 0.742571 3.045863 6.334789 5.680456 61.957436 4.479340 0.474610 0.121676 6.247074 5.876484 0.195150 1.219395 5.728904 1.221306 
7.435615 39.261190 423.731014 1.146289 6.451491 2.625348 0.358944 19.112304 62.662843 8.637567 7.779674 1.307631 3.655540 3.296180 32.491085 0.571910 6.879489 32.448098 2.285345 8.060805 7.487594 
46.468245 71.065979 22.121216 35.194424 14.744703 3.493523 9.037994 5.344225 2.942799 5.339694 0.219845 5.294184 0.208640 2.707294 36.287223 41.116593 1.123631 5.802326 15.574798 0.106621 12.012417 8.216194 1.438315 6.889176 7.592447 
10.303112 5.093455 0.302448 4.766694 19.563208 5.498244 0.272826 0.607491 85.118103 3.886347 18.527838 4.369153 4.294472 159.294808 1.094260 27.968670 1.616417 
11.704265 13.673965 0.708331 76.131913 6.305085 1.515274 0.209019 4.927658 60.060671 14.809552 11.521144 24.762912 5.835520 3.226703 44.297344 4.280022 0.749670 38.416456 3.502906 10.362937 13.005700 
14.406969 5.150837 29.016991 65.086784 2.041238 7.259402 54.068511 1.795571 2.902786 2.571967 3.800450 14.909520 14.156898 0.477986 1.408823 12.901986 0.631693 
3.817297 9.031511 47.554138 9.723399 0.159314 1.402189 3.789055 0.336473 0.631016 14.422833 11.314918 16.836802 113.058528 1.101295 22.750109 1.956462 359.375198 8.302844 101.342094 17.336828 9.388782 44.588820 3.061086 3.394326 5.958270 4.163241 5.899191 5.646535 15.081065 0.383405 29.095221 3.276315 
11.505297 1.812829 8.207713 116.405230 1.614734 70.409817 5.113290 17.914353 37.064453 1.192566 9.745402 4.255043 15.919827 
5.460584 0.981783 2.875726 33.488352 0.142569 13.271081 130.047106 39.880703 3.038222 0.944696 14.084400 1.146789 0.066656 2.647423 3.001447 7.877497 
2.226329 7.320784 94.214477 12.348293 25.308144 0.218314 19.172725 0.723703 0.059984 100.217533 18.495405 21.558947 3.315587 13.214863 26.836799 14.260115 0.645722 1.111804 1.673736 6.018026 0.840933 2.893487 47.654577 5.979228 2.351149 7.003325 7.183450 16.156519 2.523328 1.847118 
9.625269 2.153881 122.534444 0.453865 0.370003 10.728873 7.961199 1.016916 0.153404 0.693958 11.629560 5.483096 1.262790 23.840718 1.738799 0.692584 0.101541 
11.314283 261.581483 3.577474 38.936495 0.428261 0.185666 1.977175 1.519907 193.708650 4.141534 10.579009 41.112176 0.828448 3.133433 4.491766 0.419851 3.352576 2.817137 3.077143 2.909756 17.114420 10.164391 1.686327 4.207156 0.639794 42.792740 7.865242 
0.454897 20.761287 15.280965 10.016318 15.380659 1.679883 0.388596 0.489405 0.222911 0.857612 0.763284 88.320131 13.251719 0.888216 2.882743 4.156137 43.490047 11.394347 3.165215 3.699876 5.976769 2.546528 2.191718 40.655895 4.389414 33.161446 6.662777 3.012220 7.637019 10.040824 0.603271 14.116633 18.259262 5.115811 1.089030 11.636763 4.581208 2.243519 
16.521593 0.678298 2.555758 10.502361 107.403956 55.126557 2.708693 16.569684 0.113490 16.704292 1.231657 99.787800 12.704436 1.537947 40.747920 0.376286 2.164909 10.606297 6.477331 0.191060 4.128424 2.321876 34.615382 33.600143 5.563528 
0.562069 1.589536 41.485912 0.754340 0.294931 7.017236 0.125536 41.192099 2.225159 7.563940 10.835327 225.732350 30.736552 2.503823 13.430645 7.618175 4.103261 1.171089 42.175203 12.858666 4.540874 9.062442 13.491877 1.599166 1.538441 4.015213 5.556918 
3.633410 33.518349 15.287777 31.073067 1.433260 3.459473 15.181786 79.180132 4.314307 2.567727 5.664767 0.415065 2.613134 8.367406 3.793888 5.022288 3.412551 6.932897 1.065446 2.008211 8.007396 
7.740496 7.560665 16.497546 0.142612 0.512966 0.111236 1.992150 9.502023 33.563787 15.561853 52.460401 3.152887 5.027844 9.555656 122.560079 2.113381 15.046179 5.251381 7.717912 2.057723 14.584181 69.776940 
26.702095 0.926640 15.078030 1.681123 2.957113 0.099220 4.604141 26.779188 28.230541 85.636018 0.990588 49.467944 113.787018 10.051498 2.864031 18.077978 2.084518 12.986119 0.359295 9.638497 61.067796 15.312745 5.166489 0.180865 0.229273 16.474604 7.765699 39.600701 2.944261 0.421918 13.135410 9.191639 0.874350 
59.850314 0.112065 9.509337 0.541383 9.855770 4.451805 71.347642 1.176925 67.525930 10.445980 0.161896 3.803503 0.267761 0.684888 8.851594 3.974940 1.645772 1.085635 8.478578 
4.579321 65.798540 6.438152 17.943208 16.459649 3.332518 0.233934 1.198854 1.427491 0.363974 39.293870 17.679719 10.938688 1.544772 27.902300 6.864953 6.453184 1.214852 
2.038950 1.596754 2.737330 5.803476 31.036519 11.865395 152.542635 27.181211 169.553552 5.528842 7.036912 2.518423 3.077453 26.401570 58.694655 6.795515 4.393289 23.764182 
36.737349 42.124466 11.159275 2.455700 435.535099 2.298006 1.243774 4.303967 101.496264 5.742853 1.777141 3.902524 172.418150 3.082363 31.419919 0.994156 
9.834779 35.137393 89.920029 24.709592 114.743883 2.613845 0.864301 18.723539 1.119490 9.799248 4.249691 45.436591 143.414594 0.375586 1.752604 7.045925 27.160021 16.527913 3.067185 46.364768 5.463410 0.368822 1.594086 57.960460 7.340648 19.310934 16.045947 16.629385 92.675731 104.528025 4.822794 0.563163 19.740938 3.526012 200.346461 14.124991 
7.767035 7.037340 7.514118 3.570597 1.748912 36.665111 217.009534 18.628041 61.820248 16.482816 0.146653 42.821069 10.895285 40.214897 1.648768 6.698757 3.089430 2.001048 0.391962 0.879323 17.535698 8.278229 5.389340 5.240143 10.901236 
8.475970 10.597940 1.071854 3.915195 13.041476 0.132812 4.327273 3.136139 3.173581 10.261900 15.496848 17.528066 22.331540 8.701693 24.490250 4.754250 5.368326 4.592247 1.971370 1.713831 3.970312 16.662351 3.882458 5.608871 7.918489 1.847620 
0.750492 3.407160 6.682794 1.976016 0.705139 10.270263 12.850402 48.753040 4.400049 1.846908 42.127509 0.700924 5.694835 4.544179 4.218172 3.442545 10.163627 0.090610 35.842476 1.648459 0.910882 2.310858 24.861982 5.581347 3.802984 4.312328 127.412631 2.522229 3.991064 3.229529 28.402843 0.769045 16.674375 7.665085 
2.186049 2.715953 25.462527 64.193937 7.726990 17.825749 3.273479 35.846318 0.092871 0.521180 20.953089 2.084297 0.118073 0.089358 0.157527 0.178359 39.918163 38.932549 0.412196 129.447013 2.660720 0.065445 3.806993 30.969019 0.167944 38.244204 0.388805 1.492142 8.742496 
1.174002 0.211774 0.160281 0.146309 37.965019 3.877243 0.652914 0.040158 0.170692 1.929395 8.863156 0.239976 11.991481 90.199178 38.248376 6.925991 30.935112 21.019593 9.729956 3.460357 0.427962 267.295769 47.627582 0.798895 6.640285 19.482846 
16.657752 0.387010 168.680744 3.172411 2.158760 1.295772 0.338485 11.789204 1.199476 6.534495 37.389600 33.800502 28.265133 4.162501 33.144112 1.860619 1.148290 0.097065 0.343163 488.216725 0.241398 11.636763 5.307722 8.826281 2.960586 10.221456 
15.925585 2.109296 4.426230 8.966932 77.662346 4.845559 300.103566 42.962410 2.862598 8.603523 15.235942 0.144621 
3.779330 5.437543 25.103295 13.935111 20.379188 13.875428 5.509360 6.047353 5.467834 26.046117 6.335598 6.131210 31.743156 27.235176 9.250779 3.523628 3.318269 
28.231547 2.170709 0.285221 2.667424 1.323689 73.570775 46.761977 7.667808 2.194567 0.520926 15.633001 2.742844 20.556817 31.467229 26.825716 3.619527 4.356629 236.814605 76.884328 
0.379685 83.601823 228.582933 3.411133 1.302828 21.848522 67.730322 9.588511 4.649709 0.855238 16.649831 
264.806168 1.041923 2.505419 2.121415 72.456462 402.002683 12.845379 38.841258 1039.656832 3.295059 22.352271 22.330823 2.545483 14.720805 35.827043 10.506794 
2.000474 2.853972 9.509685 4.303840 120.522845 148.325225 56.746314 11.862114 18.520425 4.429810 9.449938 6.626510 
24.937139 6.775616 45.760699 0.053343 1.741656 19.942952 1.405946 1.997396 15.605742 0.220920 0.277510 12.138363 2.263703 5.684496 8.460557 4.187069 141.245814 8.485988 58.928413 
0.891276 1.013474 130.639437 1.375628 0.743283 13.661631 7.923624 0.669047 4.984680 2.006204 6.892372 0.079187 0.873214 9.455673 0.045713 3.975181 0.491231 13.660702 5.621647 15.190462 0.395660 0.605133 14.709813 6.466091 0.770820 20.684833 102.450184 10.804214 137.798194 52.795552 20.934192 12.986757 0.139143 2.083416 0.493962 26.989549 4.244749 0.470816 15.564142 6.015464 31.328812 0.570770 11.453068 26.219593 0.058372 0.222755 
2.654081 5.529566 1.220141 3.928214 108.395406 2.046308 1.664779 0.542665 19.014126 0.932360 0.848283 15.957612 0.527793 7.411546 7.123697 66.545148 3.004364 26.043109 0.682081 0.347847 9.457319 0.284486 0.156310 0.291617 0.608916 15.542147 0.323529 5.893048 0.411887 13.334305 4.281036 
27.072707 77.353349 0.070528 7.394833 4.012307 0.504163 5.421650 19.469649 0.119753 22.549988 8.983629 3.529653 1.869355 5.352990 1.094200 12.690958 3.312449 1.491585 
21.997584 72.150493 0.813716 3.104226 0.384336 5.343050 2.102634 5.676478 2.056407 0.050490 2.263394 4.693060 9.225523 39.483250 0.261683 0.741053 2.344853 2.322019 0.500580 
22.194319 7.953547 12.632205 4.860198 1.259542 8.733715 12.863139 6.290450 0.604400 3.112140 27.881061 76.148485 4.214005 7.980101 41.893418 1.216321 12.968043 1.030388 8.876036 14.682239 
9.963075 7.055744 2.703305 4.113688 3.748447 30.038123 0.420966 7.851825 65.944473 1.603478 2.345507 0.436951 13.345966 12.863264 5.758760 2.617699 4.026617 
2.548522 34.072108 5.289198 7.880618 22.355398 13.779238 3.294985 0.486399 1.048417 3.496785 37.557144 18.398041 7.075220 1.811158 4.448173 7.130071 2.538432 1.927136 2.463850 
8.601874 2.985692 0.388354 1.518954 162.641823 19.247903 5.752145 48.085597 1.059064 2.546232 2.815071 14.214253 1.558989 3.481929 
1.474947 0.660897 4.608768 3.734458 12.519019 8.223979 0.750180 30.807833 6.917227 456.030835 7.688252 12.174188 16.106779 2.218882 4.046003 4.779315 
25.392797 18.361592 4.437777 20.502243 2.148986 7.310936 0.295805 12.486179 1.574894 13.255595 56.179305 0.625892 1.483870 1.696785 40.570020 0.269273 16.998802 40.587756 4.078876 107.412291 7.302860 0.586844 1.310076 194.395011 29.690139 7.055937 0.378887 13.658169 4.092351 3.241133 
2.182754 0.075783 0.511154 20.949598 1.161540 496.367798 20.799787 8.145528 123.344549 1.084690 2.155928 29.572578 4.081019 28.443513 5.069733 1.101457 58.503392 4.858859 0.369428 0.287786 7.408535 42.891987 1.028299 10.088155 2.343392 2.796090 5.043493 6.192476 
18.053455 6.820424 32.962767 1.911281 59.761159 39.885561 22.835741 2.814442 7.771174 2.926129 1.755452 7.199047 20.127803 5.555120 2.496920 3.654142 0.727284 6.069163 11.608557 5.447688 22.158328 3.819634 3.494121 50.163187 
4.561663 4.374017 56.575723 77.937345 13.832862 19.568639 15.012674 66.381719 1.163445 109.200560 62.684115 15.920186 7.653421 2.761165 274.510676 4.416047 6.005525 12.597635 4.612990 5.268718 6.160619 7.695416 
7.020876 0.817223 2.021083 127.067674 51.206508 0.365607 1.714570 111.788624 11.048296 21.332174 131.475229 10.760787 14.015254 7.342770 0.066226 3.462324 48.203708 1.630274 8.667584 55.986756 0.383285 0.189502 2.169217 39.991614 1.079041 3.514307 0.524361 4.451092 53.010150 0.064251 0.860330 7.024386 5.039167 0.495935 3.532988 28.703869 3.684662 22.685552 
38.261700 13.486216 14.422803 7.336437 39.631480 0.695720 20.244119 2.357117 1.940623 0.568258 9.975544 1.757391 1.494192 2.222213 1.089879 4.265168 6.527418 3.945047 0.680840 3.996567 2.964136 0.566330 15.827545 3.704755 5.308246 4.736422 4.959521 1.805396 2.163706 
0.887275 6.003526 16.833588 77.043184 7.545430 2.430002 0.104070 3.774651 2.974940 1.960819 1.275062 18.601657 0.204193 3.856541 4.107021 3.174431 6.548065 9.101346 6.549530 38.359526 4.374119 7.489849 
33.283667 1.782438 71.197366 110.933825 0.053406 93.462302 3.028770 4.369441 0.562666 31.781699 0.059797 0.052227 1.981097 3.401680 26.959916 1.788328 4.531236 11.792407 1.936809 0.330010 0.141970 0.362500 12.848088 0.643419 4.183452 42.014198 39.062332 11.802567 
3.057687 8.681845 2.171745 0.232140 0.154709 1.684606 2.748485 4.836008 13.914006 1.564564 28.636023 5.653234 16.819350 2.726235 12.846188 0.362959 0.492908 
1.913514 1.470619 5.185821 2.699490 66.325959 0.182768 3.158703 0.458956 0.284545 53.177687 0.728838 8.023192 11.642799 4.798961 10.113425 36.279427 6.964645 19.158608 4.829471 0.390869 28.677229 1.291424 4.543905 2.957123 8.115923 3.477918 8.789635 14.245848 
2.565604 0.113543 0.251174 3.856227 145.533247 14.658588 31.304987 5.293125 3.112268 8.312138 3.824171 20.301233 9.740562 0.318999 7.854591 0.563338 0.245255 1.152103 22.693194 3.040383 0.252709 77.748188 8.595033 4.666855 1.764488 1.214995 6.020161 
57.388504 5.159796 0.149007 0.071571 2.772778 13.217406 48.786459 1.284737 1.452655 0.578299 0.846162 0.970345 59.045782 0.874708 2.126826 1.428347 1.880702 0.256529 6.786791 13.934270 82.932436 10.736486 16.294466 1.422898 1.655178 6.804725 14.052302 10.310735 20.205918 0.774198 
29.745520 20.660163 15.947781 0.761356 2.117601 2.949739 49.142593 1.220855 0.562800 0.722887 1.231444 22.230714 28.172385 5.174637 30.613649 10.527432 0.666625 7.211615 6.113143 7.752202 3.336150 2.798054 2.289446 6.714446 10.274010 3.087222 15.545912 17.773568 2.898312 1.075107 2.230881 2.779215 3.483935 
0.619870 2.015593 4.257814 50.690991 7.528258 9.394849 44.884665 24.015590 2.730892 9.206782 7.086620 30.779095 105.244460 21.573245 122.104359 10.714030 2.381194 0.370258 0.052157 2.609841 1.401470 7.608181 0.087287 70.804085 2.474707 1.164750 212.451791 70.632296 3.579755 2.304553 1.417207 23.935372 1.950926 37.691106 1.270002 3.736949 21.808668 
8.527879 1.468360 85.753974 43.290196 9.603333 6.549496 14.107952 5.803664 0.859161 4.104526 4.212326 2.924602 1.727889 31.085479 8.893659 1.213817 12.481741 5.667819 2.418706 1.743541 8.465697 9.782323 1.669610 
22.245501 2.995170 2.422051 4.507001 22.372712 5.330421 2.324155 13.912445 11.198234 273.521170 18.108087 0.998252 236.608162 17.413333 1.074928 3.530570 10.409225 4.424794 6.916618 0.271798 1.057132 0.427302 59.689403 1.227056 0.491416 42.299275 21.078442 1.450819 12.704809 6.977381 10.395735 11.836986 6.769404 43.118483 12.622170 1.664700 13.768803 0.333126 6.279500 2.859457 
8.200424 93.922121 0.430436 16.828750 10.451711 19.757671 18.079627 14.896703 6.436297 7.052122 106.264450 7.741243 21.045808 11.497727 2.078124 5.376053 14.923255 201.498347 95.787771 2.540925 11.387725 2.046327 5.455774 54.602445 9.802978 14.747993 
290.205615 14.644610 1.158845 4.936776 3.519771 0.476392 108.378509 9.765898 6.171185 0.239007 7.559539 13.458458 112.767127 5.869517 5.243989 0.261651 213.830217 34.451726 4.682709 1.497562 10.998588 12.101664 0.576175 10.168861 12.481598 10.238866 
0.592342 0.474605 29.312503 3.423180 115.989490 5.290944 14.548728 4.330578 424.288101 0.788983 19.416853 8.136593 0.740407 0.713393 91.657770 201.605771 
109.934399 1.305838 10.524063 3.650220 8.855247 1.866632 0.817373 18.746198 2.970197 1.510823 37.592865 1088.507729 13.853221 15.065960 10.718841 1.491639 22.234142 203.417174 1.997194 
26.585234 2.381715 12.102360 1691.480031 1.161981 134.404597 10.265382 355.743563 1.537218 23.103616 1722.483261 2.695614 38.653133 27.435983 3.254147 119.095355 1086.928100 14.919389 71.721019 3.133631 1.983164 7.948999 22.046364 4.763291 
15.070199 17.971583 10.838497 49.610191 2.596144 32.776389 3.481238 0.473772 5.879958 
0.723391 16.320522 47.640525 4.952667 55.302459 0.795512 11.770106 7.330078 2.131056 12.104930 6.556907 1.029637 11.660843 78.567224 0.109386 11.573851 153.650722 5.139756 13.143910 
1.215776 55.564113 60.275435 0.067563 4.063417 28.638661 0.191177 1.028382 7.071122 90.293778 0.911328 9.696347 1.790136 274.446053 3.375831 0.597180 3.197058 27.379758 8.824510 0.792740 0.935191 
0.847619 0.993516 10.351466 5.394269 4.936772 25.103927 4.158138 1.272918 3.909425 4.694909 6.932128 5.588857 1.266271 33.131122 7.098766 1.869348 2.213438 2.969575 4.427780 1.450232 51.558223 7.721884 1.196671 
20.035863 4.446616 152.242684 102.990302 2.764985 2.069597 7.776275 3.794474 135.297601 0.545859 0.387589 31.773984 4.401008 55.524035 1.211714 5.507777 0.586848 2.343248 3.142032 
63.246373 1.310083 6.076046 55.762203 12.202792 0.939426 18.432712 1.407576 18.175734 31.223914 5.282686 12.370465 0.083108 36.588405 38.307353 210.343912 1.915597 47.238990 1.209759 5.962314 3.209250 267.009676 17.666456 6.492802 16.732649 14.027019 9.015563 11.560894 2.202782 128.585695 1.467437 1.475704 3.629621 39.376440 68.457615 5.970411 3.015825 13.500816 6.365334 2.502042 
6.558031 1.059994 60.257537 3.439278 0.068994 25.128360 22.342947 188.221293 2.764454 26.992019 177.714277 0.765625 4.762173 65.272347 3.075856 1.041287 0.098474 0.293766 2.027359 7.933407 6.530843 0.795376 2.169027 4.300170 2.181549 0.117237 3.008639 5.887751 0.395809 6.138939 6.144408 11.871921 
0.630641 1.618827 7.897688 8.799827 8.002667 0.807833 34.152082 0.492826 52.829661 0.946109 4.786194 2.361586 3.509337 5.111041 12.083934 3.091447 2.483495 4.088702 
0.960143 0.252078 8.231588 0.516922 0.039928 0.131500 6.613961 56.627373 11.174602 27.138118 0.694317 36.923603 0.228864 29.331783 1.373830 10.288641 83.428464 8.389890 
5.502490 1.669602 3.426303 13.454432 1.874497 1.220755 7.042443 40.096251 9.177518 3.201025 29.987890 1.869084 23.666697 2.425084 37.549567 8.001466 2.874858 22.381594 0.893419 35.283857 
8.227871 7.176283 4.949017 56.367979 2.030305 44.485220 0.117722 0.114394 15.321045 0.272048 13.497735 15.001774 17.899970 14.775044 38.202460 11.281003 3.012819 1.262977 
1.875411 3.579683 0.403305 14.394501 3.767683 4.696218 6.759105 4.515313 2.988650 4.824339 7.137174 17.935944 17.784534 17.508629 28.602506 4.593160 133.326084 3.035683 2.630219 1.284111 6.377254 1.185704 5.290070 1.373681 8.571260 1.185773 4.467105 3.895838 7.345087 10.428963 
9.994562 4.762343 0.127418 0.147038 50.201428 12.247795 0.294097 12.586152 65.111844 1.718480 0.036029 0.987315 0.049946 30.460467 3.398984 183.226560 74.656980 0.479108 2.504491 2.227097 3.390233 36.019986 0.031375 3.083183 11.291805 1.015055 0.873778 
25.355390 0.120046 8.760760 0.344083 9.420405 12.781165 45.880390 16.316052 2.737972 0.739760 70.235919 50.824565 33.650521 0.138595 0.487779 4.775918 1.548842 3.953940 4.298759 1.625167 35.804664 1.018233 
123.842925 21.827769 1.123075 0.682311 2.689192 0.111033 9.287918 9.017687 6.335446 1.207557 8.596576 0.108088 0.924670 0.704112 0.052415 14.835972 6.188380 98.924460 
