  61.822316 1602.067751
  60.945383 1602.244976
  61.316102 1599.191631
  88.182245 1595.921402
  79.742321 1603.751413
  41.546095 1602.067485
  43.217973 1603.693578
  49.909140 1599.548801
  80.728131 1602.576355
  71.104673 1601.512822
  70.724415 1600.915582
  82.161412 1599.203289
 101.911961 1599.879108
  83.769248 1601.323305
  42.363857 1601.905582
  33.285024 1602.615865
  59.908945 1599.455638
  55.749134 1602.256954
  63.197982 1598.385098
  74.441342 1602.119253
  74.090794 1594.865422
  73.940983 1603.615049
  88.686345 1600.954814
  55.732491 1602.281823
  44.233120 1601.105863
  49.162700 1603.155766
  74.999498 1602.939653
  85.233268 1599.230941
  66.271941 1605.270334
 105.972223 1603.745401
  84.850967 1597.714533
  85.442584 1596.636804
  40.512028 1604.266976
  64.501106 1604.197684
  90.621651 1599.209178
  44.717291 1597.836406
  25.879093 1598.079590
  52.968204 1603.426665
  90.562699 1597.857777
  68.828761 1604.835496
  46.247101 1604.834711
  28.812491 1601.511434
  66.173466 1601.582148
  57.554224 1596.776204
  84.417084 1601.514216
  40.000095 1601.720071
  50.801776 1603.651519
  34.834886 1604.433504
  50.309991 1598.790444
  88.162491 1593.136952
  73.507879 1599.425496
  59.307372 1597.774568
  37.882212 1594.788940
 104.543798 1604.989791
  47.455037 1599.088223
  64.048237 1602.818982
  81.261135 1602.114623
  87.498460 1598.834206
  72.945024 1600.792762
  48.796213 1602.572812
  71.420712 1602.311199
  54.036004 1595.765958
  52.357745 1601.851380
  67.966598 1599.840359
  50.183430 1603.321909
  60.906629 1599.000138
  78.560700 1604.312044
  72.869507 1601.372949
  67.524545 1601.113569
  84.526011 1598.894704
 105.936998 1602.496241
  59.159810 1602.323572
  83.930445 1596.455889
  69.754528 1599.424032
  73.022654 1603.726418
  48.056550 1602.340454
  53.121300 1598.363182
  48.480499 1602.635789
  70.779094 1599.318909
  59.651211 1600.152443
  74.672736 1597.988526
  55.652208 1599.557135
  70.437999 1600.106564
  47.461594 1606.782996
  56.686268 1598.095650
  82.045803 1601.744599
  62.312041 1602.864448
  75.265032 1601.595279
  82.339097 1603.960363
  42.666492 1601.935770
  74.296780 1603.114061
  69.212240 1599.360053
  92.103122 1601.975421
  60.031112 1603.577563
  36.974935 1592.934641
  60.114415 1598.753996
  56.441502 1601.101629
  55.579807 1602.506077
  72.761664 1605.124013
  89.619586 1604.691077
