-103.541707   18.574912
-103.316811   18.574912
-103.091914   18.574912
-102.867018   18.574912
-102.642121   18.574912
-102.417224   18.574912
-102.192328   18.574912
-101.967431   18.574912
-101.742535   18.574912
-101.517638   18.574912
-101.292742   18.574912
-101.067845   18.574912
-100.842948   18.574912
-100.618052   18.574912
-100.393155   18.574912
-100.168259   18.574912
 -99.943362   18.574912
 -99.718465   18.574912
 -99.493569   18.574912
 -99.268672   18.574912
 -99.043776   18.574912
 -98.818879   18.574912
 -98.593982   18.574912
 -98.369086   18.574912
 -98.144189   18.574912
 -97.919293   18.574912
 -97.694396   18.574912
 -97.469500   18.574912
 -97.244603   18.574912
 -97.019706   18.574912
 -96.794810   18.574912
 -96.569913   18.574912
 -96.345017   18.574912
-103.654156   18.834968
-103.429259   18.834968
-103.204363   18.834968
-102.979466   18.834968
-102.754569   18.834968
-102.529673   18.834968
-102.304776   18.834968
-102.079880   18.834968
-101.854983   18.834968
-101.630086   18.834968
-101.405190   18.834968
-101.180293   18.834968
-100.955397   18.834968
-100.730500   18.834968
-100.505603   18.834968
-100.280707   18.834968
-100.055810   18.834968
 -99.830914   18.834968
 -99.606017   18.834968
 -99.381121   18.834968
 -99.156224   18.834968
 -98.931327   18.834968
 -98.706431   18.834968
 -98.481534   18.834968
 -98.256638   18.834968
 -98.031741   18.834968
 -97.806844   18.834968
 -97.581948   18.834968
 -97.357051   18.834968
 -97.132155   18.834968
 -96.907258   18.834968
 -96.682361   18.834968
 -96.457465   18.834968
 -96.232568   18.834968
-104.216397   19.095025
-103.991501   19.095025
-103.766604   19.095025
-103.541707   19.095025
-103.316811   19.095025
-103.091914   19.095025
-102.867018   19.095025
-102.642121   19.095025
-102.417224   19.095025
-102.192328   19.095025
-101.967431   19.095025
-101.742535   19.095025
-101.517638   19.095025
-101.292742   19.095025
-101.067845   19.095025
-100.842948   19.095025
-100.618052   19.095025
-100.393155   19.095025
-100.168259   19.095025
 -99.943362   19.095025
 -99.718465   19.095025
 -99.493569   19.095025
 -99.268672   19.095025
 -99.043776   19.095025
 -98.818879   19.095025
 -98.593982   19.095025
 -98.369086   19.095025
 -98.144189   19.095025
 -97.919293   19.095025
 -97.694396   19.095025
 -97.469500   19.095025
 -97.244603   19.095025
 -97.019706   19.095025
 -96.794810   19.095025
 -96.569913   19.095025
 -96.345017   19.095025
-104.778639   19.355081
-104.553742   19.355081
-104.328845   19.355081
-104.103949   19.355081
-103.879052   19.355081
-103.654156   19.355081
-103.429259   19.355081
-103.204363   19.355081
-102.979466   19.355081
-102.754569   19.355081
-102.529673   19.355081
-102.304776   19.355081
-102.079880   19.355081
-101.854983   19.355081
-101.630086   19.355081
-101.405190   19.355081
-101.180293   19.355081
-100.955397   19.355081
-100.730500   19.355081
-100.505603   19.355081
-100.280707   19.355081
-100.055810   19.355081
 -99.830914   19.355081
 -99.606017   19.355081
 -99.381121   19.355081
 -99.156224   19.355081
 -98.931327   19.355081
 -98.706431   19.355081
 -98.481534   19.355081
 -98.256638   19.355081
 -98.031741   19.355081
 -97.806844   19.355081
 -97.581948   19.355081
 -97.357051   19.355081
 -97.132155   19.355081
 -96.907258   19.355081
 -96.682361   19.355081
 -96.457465   19.355081
-104.891087   19.615137
-104.666190   19.615137
-104.441294   19.615137
-104.216397   19.615137
-103.991501   19.615137
-103.766604   19.615137
-103.541707   19.615137
-103.316811   19.615137
-103.091914   19.615137
-102.867018   19.615137
-102.642121   19.615137
-102.417224   19.615137
-102.192328   19.615137
-101.967431   19.615137
-101.742535   19.615137
-101.517638   19.615137
-101.292742   19.615137
-101.067845   19.615137
-100.842948   19.615137
-100.618052   19.615137
-100.393155   19.615137
-100.168259   19.615137
 -99.943362   19.615137
 -99.718465   19.615137
 -99.493569   19.615137
 -99.268672   19.615137
 -99.043776   19.615137
 -98.818879   19.615137
 -98.593982   19.615137
 -98.369086   19.615137
 -98.144189   19.615137
 -97.919293   19.615137
 -97.694396   19.615137
 -97.469500   19.615137
 -97.244603   19.615137
 -97.019706   19.615137
 -96.794810   19.615137
 -96.569913   19.615137
-105.228432   19.875193
-105.003535   19.875193
-104.778639   19.875193
-104.553742   19.875193
-104.328845   19.875193
-104.103949   19.875193
-103.879052   19.875193
-103.654156   19.875193
-103.429259   19.875193
-103.204363   19.875193
-102.979466   19.875193
-102.754569   19.875193
-102.529673   19.875193
-102.304776   19.875193
-102.079880   19.875193
-101.854983   19.875193
-101.630086   19.875193
-101.405190   19.875193
-101.180293   19.875193
-100.955397   19.875193
-100.730500   19.875193
-100.505603   19.875193
-100.280707   19.875193
-100.055810   19.875193
 -99.830914   19.875193
 -99.606017   19.875193
 -99.381121   19.875193
 -99.156224   19.875193
 -98.931327   19.875193
 -98.706431   19.875193
 -98.481534   19.875193
 -98.256638   19.875193
 -98.031741   19.875193
 -97.806844   19.875193
 -97.581948   19.875193
 -97.357051   19.875193
 -97.132155   19.875193
 -96.907258   19.875193
 -96.682361   19.875193
-105.340880   20.135250
-105.115984   20.135250
-104.891087   20.135250
-104.666190   20.135250
-104.441294   20.135250
-104.216397   20.135250
-103.991501   20.135250
-103.766604   20.135250
-103.541707   20.135250
-103.316811   20.135250
-103.091914   20.135250
-102.867018   20.135250
-102.642121   20.135250
-102.417224   20.135250
-102.192328   20.135250
-101.967431   20.135250
-101.742535   20.135250
-101.517638   20.135250
-101.292742   20.135250
-101.067845   20.135250
-100.842948   20.135250
-100.618052   20.135250
-100.393155   20.135250
-100.168259   20.135250
 -99.943362   20.135250
 -99.718465   20.135250
 -99.493569   20.135250
 -99.268672   20.135250
 -99.043776   20.135250
 -98.818879   20.135250
 -98.593982   20.135250
 -98.369086   20.135250
 -98.144189   20.135250
 -97.919293   20.135250
 -97.694396   20.135250
 -97.469500   20.135250
 -97.244603   20.135250
 -97.019706   20.135250
 -96.794810   20.135250
-105.453328   20.395306
-105.228432   20.395306
-105.003535   20.395306
-104.778639   20.395306
-104.553742   20.395306
-104.328845   20.395306
-104.103949   20.395306
-103.879052   20.395306
-103.654156   20.395306
-103.429259   20.395306
-103.204363   20.395306
-102.979466   20.395306
-102.754569   20.395306
-102.529673   20.395306
-102.304776   20.395306
-102.079880   20.395306
-101.854983   20.395306
-101.630086   20.395306
-101.405190   20.395306
-101.180293   20.395306
-100.955397   20.395306
-100.730500   20.395306
-100.505603   20.395306
-100.280707   20.395306
-100.055810   20.395306
 -99.830914   20.395306
 -99.606017   20.395306
 -99.381121   20.395306
 -99.156224   20.395306
 -98.931327   20.395306
 -98.706431   20.395306
 -98.481534   20.395306
 -98.256638   20.395306
 -98.031741   20.395306
 -97.806844   20.395306
 -97.581948   20.395306
 -97.357051   20.395306
 -97.132155   20.395306
