  1  34
  1  35
  1   2
  2  35
  2  36
  2   3
  3  36
  3  37
  3   4
  4  37
  4  38
  4   5
  5  38
  5  39
  5   6
  6  39
  6  40
  6   7
  7  40
  7  41
  7   8
  8  41
  8  42
  8   9
  9  42
  9  43
  9  10
 10  43
 10  44
 10  11
 11  44
 11  45
 11  12
 12  45
 12  46
 12  13
 13  46
 13  47
 13  14
 14  47
 14  48
 14  15
 15  48
 15  49
 15  16
 16  49
 16  50
 16  17
 17  50
 17  51
 17  18
 18  51
 18  52
 18  19
 19  52
 19  53
 19  20
 20  53
 20  54
 20  21
 21  54
 21  55
 21  22
 22  55
 22  56
 22  23
 23  56
 23  57
 23  24
 24  57
 24  58
 24  25
 25  58
 25  59
 25  26
 26  59
 26  60
 26  27
 27  60
 27  61
 27  28
 28  61
 28  62
 28  29
 29  62
 29  63
 29  30
 30  63
 30  64
 30  31
 31  64
 31  65
 31  32
 32  65
 32  66
 32  33
 33  66
 33  67
 34  70
 34  71
 34  35
 35  71
 35  72
 35  36
 36  72
 36  73
 36  37
 37  73
 37  74
 37  38
 38  74
 38  75
 38  39
 39  75
 39  76
 39  40
 40  76
 40  77
 40  41
 41  77
 41  78
 41  42
 42  78
 42  79
 42  43
 43  79
 43  80
 43  44
 44  80
 44  81
 44  45
 45  81
 45  82
 45  46
 46  82
 46  83
 46  47
 47  83
 47  84
 47  48
 48  84
 48  85
 48  49
 49  85
 49  86
 49  50
 50  86
 50  87
 50  51
 51  87
 51  88
 51  52
 52  88
 52  89
 52  53
 53  89
 53  90
 53  54
 54  90
 54  91
 54  55
 55  91
 55  92
 55  56
 56  92
 56  93
 56  57
 57  93
 57  94
 57  58
 58  94
 58  95
 58  59
 59  95
 59  96
 59  60
 60  96
 60  97
 60  61
 61  97
 61  98
 61  62
 62  98
 62  99
 62  63
 63  99
 63 100
 63  64
 64 100
 64 101
 64  65
 65 101
 65 102
 65  66
 66 102
 66 103
 66  67
 67 103
 68 106
 68 107
 68  69
 69 107
 69 108
 69  70
 70 108
 70 109
 70  71
 71 109
 71 110
 71  72
 72 110
 72 111
 72  73
 73 111
 73 112
 73  74
 74 112
 74 113
 74  75
 75 113
 75 114
 75  76
 76 114
 76 115
 76  77
 77 115
 77 116
 77  78
 78 116
 78 117
 78  79
 79 117
 79 118
 79  80
 80 118
 80 119
 80  81
 81 119
 81 120
 81  82
 82 120
 82 121
 82  83
 83 121
 83 122
 83  84
 84 122
 84 123
 84  85
 85 123
 85 124
 85  86
 86 124
 86 125
 86  87
 87 125
 87 126
 87  88
 88 126
 88 127
 88  89
 89 127
 89 128
 89  90
 90 128
 90 129
 90  91
 91 129
 91 130
 91  92
 92 130
 92 131
 92  93
 93 131
 93 132
 93  94
 94 132
 94 133
 94  95
 95 133
 95 134
 95  96
 96 134
 96 135
 96  97
 97 135
 97 136
 97  98
 98 136
 98 137
 98  99
 99 137
 99 138
 99 100
100 138
100 139
100 101
101 139
101 140
101 102
102 140
102 141
102 103
103 141
104 142
104 143
104 105
105 143
105 144
105 106
106 144
106 145
106 107
107 145
107 146
107 108
108 146
108 147
108 109
109 147
109 148
109 110
110 148
110 149
110 111
111 149
111 150
111 112
112 150
112 151
112 113
113 151
113 152
113 114
114 152
114 153
114 115
115 153
115 154
115 116
116 154
116 155
116 117
117 155
117 156
117 118
118 156
118 157
118 119
119 157
119 158
119 120
120 158
120 159
120 121
121 159
121 160
121 122
122 160
122 161
122 123
123 161
123 162
123 124
124 162
124 163
124 125
125 163
125 164
125 126
126 164
126 165
126 127
127 165
127 166
127 128
128 166
128 167
128 129
129 167
129 168
129 130
130 168
130 169
130 131
131 169
131 170
131 132
132 170
132 171
132 133
133 171
133 172
133 134
134 172
134 173
134 135
135 173
135 174
135 136
136 174
136 175
136 137
137 175
137 176
137 138
138 176
138 177
138 139
139 177
139 178
139 140
140 178
140 179
140 141
141 179
142 181
142 182
142 143
143 182
143 183
143 144
144 183
144 184
144 145
145 184
145 185
145 146
146 185
146 186
146 147
147 186
147 187
147 148
148 187
148 188
148 149
149 188
149 189
149 150
150 189
150 190
150 151
151 190
151 191
151 152
152 191
152 192
152 153
153 192
153 193
153 154
154 193
154 194
154 155
155 194
155 195
155 156
156 195
156 196
156 157
157 196
157 197
157 158
158 197
158 198
158 159
159 198
159 199
159 160
160 199
160 200
160 161
161 200
161 201
161 162
162 201
162 202
162 163
163 202
163 203
163 164
164 203
164 204
164 165
165 204
165 205
165 166
166 205
166 206
166 167
167 206
167 207
167 168
168 207
168 208
168 169
169 208
169 209
169 170
170 209
170 210
170 171
171 210
171 211
171 172
172 211
172 212
172 173
173 212
173 213
173 174
174 213
174 214
174 175
175 214
175 215
175 176
176 215
176 216
176 177
177 216
177 217
177 178
178 217
178 218
178 179
179 218
180 219
180 220
180 181
181 220
181 221
181 182
182 221
182 222
182 183
183 222
183 223
183 184
184 223
184 224
184 185
185 224
185 225
185 186
186 225
186 226
186 187
187 226
187 227
187 188
188 227
188 228
188 189
189 228
189 229
189 190
190 229
190 230
190 191
191 230
191 231
191 192
192 231
192 232
192 193
193 232
193 233
193 194
194 233
194 234
194 195
195 234
195 235
195 196
196 235
196 236
196 197
197 236
197 237
197 198
198 237
198 238
198 199
199 238
199 239
199 200
200 239
200 240
200 201
201 240
201 241
201 202
202 241
202 242
202 203
203 242
203 243
203 204
204 243
204 244
204 205
205 244
205 245
205 206
206 245
206 246
206 207
207 246
207 247
207 208
208 247
208 248
208 209
209 248
209 249
209 210
210 249
210 250
210 211
211 250
211 251
211 212
212 251
212 252
212 213
213 252
213 253
213 214
214 253
214 254
214 215
215 254
215 255
215 216
216 255
216 256
216 217
217 256
217 257
217 218
218 257
219 258
219 259
219 220
220 259
220 260
220 221
221 260
221 261
221 222
222 261
222 262
222 223
223 262
223 263
223 224
224 263
224 264
224 225
225 264
225 265
225 226
226 265
226 266
226 227
227 266
227 267
227 228
228 267
228 268
228 229
229 268
229 269
229 230
230 269
230 270
230 231
231 270
231 271
231 232
232 271
232 272
232 233
233 272
233 273
233 234
234 273
234 274
234 235
235 274
235 275
235 236
236 275
236 276
236 237
237 276
237 277
237 238
238 277
238 278
238 239
239 278
239 279
239 240
240 279
240 280
240 241
241 280
241 281
241 242
242 281
242 282
242 243
243 282
243 283
243 244
244 283
244 284
244 245
245 284
245 285
245 246
246 285
246 286
246 247
247 286
247 287
247 248
248 287
248 288
248 249
249 288
249 289
249 250
250 289
250 290
250 251
251 290
251 291
251 252
252 291
252 292
252 253
253 292
253 293
253 254
254 293
254 294
254 255
255 294
255 295
255 256
256 295
256 257
258 259
259 260
260 261
261 262
262 263
263 264
264 265
265 266
266 267
267 268
268 269
269 270
270 271
271 272
272 273
273 274
274 275
275 276
276 277
277 278
278 279
279 280
280 281
281 282
282 283
283 284
284 285
285 286
286 287
287 288
288 289
289 290
290 291
291 292
292 293
293 294
294 295
