  51.321700 1600.736211
  62.467837 1601.786779
  64.937756 1602.222895
  74.420133 1601.107134
  60.020980 1598.387213
  75.284272 1602.102283
  93.976879 1598.826174
  96.612862 1598.637240
  54.675865 1598.832735
  42.281885 1601.010627
  27.471145 1607.581503
  47.750162 1605.258899
  44.744403 1599.929339
  44.060403 1593.427649
  71.174629 1603.255536
  63.362828 1605.391051
  43.196080 1605.067005
  56.730281 1605.139130
  52.337783 1603.847888
  62.710461 1598.513794
  79.186147 1604.117093
  82.871171 1600.566713
  70.895265 1602.806835
  81.540311 1597.253209
 116.990393 1598.697935
  84.223793 1601.699627
  53.645002 1603.713626
  36.946344 1600.270080
  58.032868 1603.969785
  56.189013 1601.576333
  65.711272 1603.267667
  69.878838 1602.585577
  72.758657 1593.749118
  84.885604 1602.539733
  52.651243 1606.104626
  55.289850 1602.825281
  87.323196 1601.185476
  89.580689 1603.102312
  66.689360 1601.782019
  62.523724 1598.231174
  88.371458 1602.474414
  69.652884 1608.196971
  72.249245 1601.153381
  55.765512 1591.455813
  95.968782 1601.109356
  77.343077 1602.739095
  66.517595 1597.203175
  76.099117 1599.524084
  56.313238 1599.245769
  62.399963 1597.943956
  62.554483 1598.856661
  53.938457 1601.750151
  56.389663 1602.832522
  85.959942 1600.070271
  63.930034 1598.850464
  72.931952 1605.287155
  47.404323 1603.458828
  82.190896 1605.034520
  57.742792 1599.771664
  85.610930 1604.598022
  65.082697 1604.143106
  64.870301 1600.851292
  47.256317 1597.284676
  33.035590 1606.123771
  54.388608 1603.151919
  48.995959 1606.095899
  43.585740 1597.823092
  51.323501 1598.189922
  45.889901 1599.085693
  57.515650 1600.789191
  68.394550 1605.720259
  72.552893 1606.940769
  75.365385 1602.405387
  62.278781 1601.014596
  64.042275 1597.443970
  74.602977 1603.240637
  58.211165 1600.758621
  93.368446 1599.969513
  98.250792 1607.008535
  56.632320 1602.100627
  92.854811 1607.005271
  59.132629 1603.024649
  70.176933 1598.494836
  37.402827 1596.680459
  30.151478 1594.428449
  66.168258 1607.697612
  71.943601 1599.517759
  69.665094 1602.986764
  45.100530 1598.798096
  51.686658 1604.177617
  53.518399 1598.885219
  57.725127 1593.305599
  50.085138 1602.114773
  82.505973 1599.737421
  70.917618 1603.534438
  88.577480 1599.190889
  73.050914 1597.248297
  54.367932 1604.702301
  47.209793 1600.255242
  55.967255 1602.213925
