1.082657 0.990032 0.946825 0.872160 0.991323 1.084346 0.862994 1.096296 1.012507 
0.954351 0.998538 1.002757 0.860628 0.965246 1.135214 0.835196 0.917336 0.866654 0.980785 1.180569 0.933426 0.816260 0.989594 1.045810 0.858127 0.915372 
0.885411 0.918728 0.818051 0.798396 0.936378 0.943123 1.109069 0.940923 1.137017 0.874534 1.109019 0.826355 0.893891 0.913297 0.954336 0.994893 
0.870160 0.902420 0.819868 1.167953 1.236264 0.889240 0.864731 1.077930 1.220472 0.938224 0.908350 0.829650 0.901358 0.886393 0.964520 1.128929 1.028911 1.143411 0.864232 0.818504 1.125423 0.940545 
0.989644 0.966472 1.090606 1.140939 1.007078 0.952049 1.042540 0.989761 1.043272 0.977315 0.950632 1.015672 0.846685 0.839262 1.153267 0.916148 
0.964609 1.132888 1.132444 1.064563 1.008723 1.046859 0.914404 0.961383 0.818976 1.021691 0.884138 0.966592 0.838591 1.195839 1.252656 0.966952 0.915446 1.005683 1.233524 1.000783 1.164491 1.048888 
1.016119 1.002402 0.904840 0.982310 1.170043 0.869622 1.102654 1.017680 0.917803 0.934104 1.214653 1.044570 1.164214 1.097738 1.233779 0.797069 1.123011 0.829463 0.976212 1.012074 1.233656 0.829830 0.850634 1.056964 0.916569 1.137354 0.983730 1.144267 
1.178139 0.984409 0.851120 1.204735 0.989810 1.091937 1.078695 1.114353 0.951269 1.246188 0.954201 0.978217 1.226978 0.939075 0.820077 1.057877 0.980716 0.987142 1.227351 0.816072 0.894443 1.256488 0.813173 1.024715 0.919924 0.895236 0.952631 0.980945 1.070025 0.830101 
0.913892 1.163928 0.975462 0.960948 1.221955 0.918337 0.921192 0.979277 1.236319 1.070229 1.057579 
0.899720 0.943903 0.939171 1.212997 
0.960029 0.894203 
0.955921 0.861524 0.911925 0.848118 0.971574 0.876425 0.872159 0.843029 
1.083624 0.976208 0.910511 0.949438 0.942286 1.071608 
1.162688 1.023684 1.038480 1.204374 0.828452 1.035682 0.988841 0.882365 
1.096424 1.149094 1.120458 1.210212 0.984977 0.953359 1.147313 1.104193 1.171119 1.005715 0.991615 1.111820 1.193173 0.940130 0.896649 
0.916047 0.821828 0.821813 1.133143 0.870335 1.088524 0.794938 0.994487 1.081061 1.097626 1.169413 1.236541 0.888430 0.896141 0.915259 0.960484 0.862576 
1.066839 1.016142 1.250167 1.102854 1.132653 0.927090 1.122176 
1.066148 1.025678 1.024512 1.009332 1.030022 0.963053 1.240878 1.088194 0.860827 1.145405 0.800025 0.982989 
1.079849 1.091061 0.898246 1.016835 0.893585 1.119588 1.070775 1.065215 1.013827 1.100224 1.040197 1.246517 
0.860176 1.035331 0.945045 0.967895 0.812722 1.015068 0.806048 1.061476 1.126455 0.921182 1.082085 0.962288 0.931697 
0.879031 1.065022 1.085637 0.985540 0.872800 0.952281 1.144658 0.809731 0.804443 0.952019 0.817830 0.951094 0.951581 0.865649 1.077788 0.925818 1.016537 0.846888 1.061801 0.883596 0.884619 1.014251 0.911304 
0.882786 1.148107 0.909742 1.069459 0.863582 0.847333 0.947012 0.913981 0.841673 0.912968 0.799439 0.973280 0.798040 1.186446 0.896677 0.837134 1.108172 0.907073 0.903231 0.864011 1.208402 1.142775 0.951901 1.201072 0.913200 
0.811005 1.065863 1.249678 0.875023 1.072038 1.221162 1.087720 0.874683 1.009717 0.908756 0.929987 1.012087 0.904316 0.894444 0.960373 1.056091 0.935538 0.917673 0.853853 
1.064606 0.902900 0.824744 1.058953 0.945270 0.809624 0.903364 1.253448 1.123905 1.096627 0.851789 0.871852 1.148159 1.043414 1.159764 0.853667 1.245105 0.950768 0.889249 0.899386 1.225231 0.889454 0.875622 
0.915110 0.877101 0.945578 1.185721 1.083147 1.100460 1.105371 0.891941 0.847638 1.139858 1.055034 1.000727 0.971658 0.926434 0.835592 0.937339 0.816120 1.194179 0.820429 0.924853 0.987722 0.951631 0.982833 1.224636 1.073795 0.902975 0.942609 0.831620 0.954123 0.865933 0.961123 1.045640 0.988556 0.996846 0.885241 0.871388 1.093753 1.032874 0.934575 
1.033831 0.849635 1.045493 0.975542 0.982250 1.035887 0.847601 0.943104 0.934870 0.884886 1.063652 1.066715 0.950121 1.009740 0.795132 0.840776 1.129776 0.988063 0.973998 0.982500 
1.129499 1.010539 1.075116 1.066920 1.136647 1.070770 1.221030 1.106727 0.995291 1.148422 0.946668 
1.146365 1.089732 1.075225 
0.950479 1.119227 1.072814 0.895140 1.040363 0.849905 1.097801 1.107380 0.847684 1.220129 1.085697 0.805609 1.121281 0.948140 
1.245977 1.225264 0.882592 1.028035 1.001462 1.063025 1.068217 1.121432 1.029801 
1.090006 1.158231 0.830903 1.151811 0.911195 1.079400 0.918766 1.031858 1.173332 0.827427 1.138199 0.926950 0.962659 0.980013 0.878492 
0.886071 0.945603 1.203278 0.905362 0.795768 1.225638 1.179534 0.927350 1.000028 1.083998 1.095216 1.178780 1.062826 0.991025 1.110218 1.170797 1.088591 1.046442 1.022569 1.212767 
0.961206 0.954209 1.155265 0.876317 1.096334 0.977072 0.941537 1.080573 0.943130 1.089797 1.164164 1.234213 1.150216 1.127185 1.228066 1.200714 0.913706 1.117636 1.074185 
1.189142 1.159492 1.071052 0.889499 0.820751 0.894175 1.250625 0.946227 1.182860 1.213893 1.034894 1.162892 0.861177 0.953887 1.161660 1.144392 1.245102 1.182794 1.183091 1.226851 1.088286 1.101664 1.238493 
1.059336 0.983585 1.057492 0.949887 0.993286 1.133126 0.889350 1.107381 0.898534 0.990531 1.193613 1.128183 1.108217 
1.145007 0.966489 0.928919 1.111429 0.940383 1.091106 0.889566 0.990185 
0.840641 0.925481 0.919303 0.859467 1.104299 0.863155 0.832277 0.902880 1.067797 0.863816 0.856912 1.058594 0.953802 0.980116 1.094609 1.057737 1.231188 0.959208 1.188125 1.124642 1.024850 0.990109 0.858917 0.904879 0.916425 0.998155 0.951686 
0.973418 0.870024 0.931390 0.847446 0.902255 0.962370 0.878748 1.252980 1.193812 0.976815 1.112301 1.232869 1.095111 0.799248 1.003759 1.174089 0.882101 1.085807 0.936258 0.879830 0.951022 0.934308 0.865016 1.182026 1.240212 1.074916 0.860467 1.057622 0.993346 0.920066 0.826059 0.908191 
0.894320 0.810366 0.972488 0.930161 0.970336 1.015917 0.924819 0.820042 1.129215 0.907739 1.152797 1.113525 0.993218 0.985140 0.940380 0.838191 0.897711 1.016206 0.933029 
1.252278 0.840317 0.951651 1.247532 1.000525 1.105548 1.043360 1.085024 0.995914 1.032843 1.053406 0.884856 0.938434 0.800231 0.899414 0.909685 
0.916097 1.008293 0.869863 1.121548 0.942043 0.974929 0.819348 1.043271 0.800337 0.922000 1.097079 1.023575 0.918093 1.122405 0.810662 0.960659 1.059420 1.150064 0.880401 0.857368 1.234987 1.106557 0.990215 0.912606 1.235974 0.919532 0.973337 0.918438 
0.888001 1.099347 0.945575 0.934718 1.047580 0.896171 1.061274 1.109502 1.001327 1.239864 0.993584 1.105945 1.257914 1.116145 1.258287 1.101712 0.824507 1.226130 0.971536 1.183732 
0.930203 1.180000 0.967551 1.196259 1.002184 0.833486 0.859254 1.068318 1.063986 0.943330 1.053667 0.911773 0.914895 0.959649 1.087148 0.816454 
0.874638 1.227503 0.919188 1.013765 0.968397 0.877056 1.002115 0.876279 0.940332 0.937852 0.953399 1.068834 
0.925731 1.132121 0.840937 1.156063 0.897498 1.186705 0.871322 1.111030 1.172038 1.094787 1.064458 0.828007 1.227976 0.917285 1.012526 0.906535 0.928566 1.056543 0.955285 0.970123 1.104487 1.006121 1.201337 0.963253 0.978030 0.924028 1.034910 
0.862342 1.204273 0.879541 1.189390 1.137027 1.108050 0.908103 1.005862 0.930018 1.113147 1.045445 0.885809 0.813554 0.958666 0.805687 1.195271 0.978748 0.891422 1.119312 
0.975035 0.877967 0.993292 1.165867 1.106453 1.006126 1.229766 0.941085 0.803131 1.014621 1.170877 1.027321 0.941707 0.852667 0.852275 1.062308 
1.167001 0.963993 1.000002 0.922004 1.001289 1.013458 1.228198 1.176287 1.047973 0.958000 1.226001 0.913391 0.932017 1.065434 1.082529 1.033043 0.847887 0.906000 
1.225584 1.167656 0.920363 1.142159 0.860481 0.931846 1.008520 0.896749 
0.920520 0.922839 0.814836 0.868075 1.127444 0.936638 1.214246 0.859508 0.926260 0.987557 0.921499 1.084438 1.257106 
0.850075 0.829970 0.990211 1.127543 0.847386 1.166464 0.898268 0.889671 1.145284 0.983376 0.873438 0.909107 0.878156 0.883332 
0.995906 0.963575 0.862855 0.856269 0.957130 0.833338 0.912077 1.079627 1.047236 
0.897127 0.836923 0.920357 0.922246 0.912270 1.007691 1.036950 1.162215 1.210848 0.800262 1.183277 0.922461 1.025821 1.124340 0.954828 
0.944682 0.842124 0.892969 0.899435 1.202334 0.859123 1.118988 0.957723 1.177466 0.956317 1.002394 0.889405 1.029668 0.998318 1.210625 1.201282 1.233687 1.088210 1.046211 0.981370 1.154119 1.225217 
1.212124 0.842450 0.917159 0.881364 0.909445 0.990138 0.887376 0.871447 0.849186 0.860305 0.935676 0.939724 0.836881 
0.907377 0.848750 1.084353 0.923815 1.096571 0.807858 0.877499 0.873286 0.856963 0.839865 0.899170 0.923388 1.049073 0.977195 0.932610 1.022681 0.888878 0.948561 0.939434 1.147344 
0.845626 0.892322 1.140407 0.830356 1.179579 0.905307 0.817950 
0.964116 1.111250 1.250773 1.126584 0.930605 1.001190 1.176027 0.898529 1.033926 1.226404 1.063805 0.881065 0.897368 1.014351 0.933637 0.942869 1.179190 1.017382 0.834283 0.812289 1.253692 
0.995666 0.843111 0.881193 1.236547 0.874939 0.901087 0.923604 0.888204 0.953854 0.905653 
1.102915 0.881405 0.940768 0.895697 0.837699 0.871849 0.876115 0.843249 1.043480 1.136194 0.981047 0.850748 0.940694 0.877459 0.996172 1.008273 0.928018 0.918789 0.903983 1.219989 0.899554 1.081325 1.056950 0.868436 0.988762 
0.813024 1.134721 0.933950 0.890602 0.865464 1.154052 0.911659 0.816368 0.944671 1.242160 0.890991 0.890398 1.034765 0.831119 1.191111 0.807808 1.022572 1.214781 0.888556 
0.925775 0.868714 0.894897 1.232523 0.817334 1.097293 0.889775 0.961905 0.839092 0.898787 1.069996 1.207235 0.965554 0.973779 0.939359 0.898274 0.836740 
1.031390 1.140359 0.798977 1.054120 0.908362 1.009787 0.963141 
1.068846 1.086521 1.155612 1.143687 1.077096 0.960330 1.197350 
0.983666 1.147947 1.229360 0.887947 0.908130 1.119896 1.228511 1.171806 1.102704 1.186157 1.057448 1.010682 1.065113 
1.247595 1.212779 0.889216 1.171478 1.033186 1.088331 1.114817 1.134905 1.086784 1.089965 1.253964 1.081065 
1.124711 1.256616 1.076762 1.004099 1.024647 1.104681 1.144128 1.126491 
1.013039 1.146689 0.969337 0.970574 1.189769 0.975300 1.033082 1.091275 
0.986647 0.861168 1.042693 0.864965 1.223615 1.168966 1.111444 1.060026 0.881702 0.981777 1.074227 
0.937749 1.036394 0.917392 1.112133 1.039772 1.014708 1.133660 0.973087 0.913619 1.240472 1.072208 
1.140981 1.028967 1.125198 1.087696 1.143224 0.845592 0.964453 1.040332 1.152257 1.032605 1.070145 0.821413 0.795112 1.256195 0.841244 1.000578 
1.110244 1.037736 1.121799 1.064466 0.864356 0.962942 1.035131 1.054390 0.958158 0.942076 0.802837 0.872580 0.995357 1.078463 1.131778 1.166238 1.236557 1.080716 0.905225 1.003852 
0.838010 0.822657 1.107817 0.966203 1.050264 1.009344 1.140183 0.912081 0.858893 1.098397 1.020974 0.981245 0.966620 1.150127 0.811553 1.179621 1.253665 1.027072 1.041074 1.089158 
1.129660 0.854687 0.848011 0.869174 0.839484 0.811340 1.026275 1.243283 0.824433 1.120965 0.850610 0.999300 1.181074 1.106639 
0.837769 1.253669 0.860615 1.109319 0.855634 0.804305 0.827685 0.942499 0.878995 0.799490 1.148393 
1.020164 0.966469 0.897388 1.239162 0.844171 0.832700 1.173300 1.103640 0.799513 0.844156 1.032542 0.908221 0.887427 1.043384 0.866512 1.200549 0.874603 1.239154 
0.874236 0.892147 0.932834 0.995303 0.945952 0.893988 1.218223 1.238063 0.897554 1.222071 0.819418 1.251660 
0.950238 0.811904 0.998822 1.234868 0.905101 0.888474 1.043308 1.112751 1.166650 0.823893 1.010741 1.067864 1.188877 0.983015 0.995780 1.105580 1.228366 1.177831 0.926269 0.941754 0.897632 0.886034 0.877455 1.024736 1.134269 
1.001763 0.970407 1.039206 0.989660 0.936993 1.152552 1.066854 1.059076 0.966463 1.066737 1.067859 0.801618 1.213566 0.889467 1.221367 0.807435 0.960394 1.094785 0.887011 1.088957 1.219211 0.957070 1.214131 1.068904 1.052758 0.937266 1.099124 0.916308 1.017312 1.112184 
0.989874 0.892847 1.056396 0.854046 1.014483 1.051385 1.206695 0.960637 0.829992 1.068601 0.959712 1.111324 1.209872 0.930672 0.804860 
1.083616 1.035895 1.241160 1.039983 1.108027 1.061079 0.934375 0.926901 0.875850 1.041958 1.228168 1.122222 0.923858 0.906735 1.171145 1.034560 0.932268 0.918418 0.916229 0.984947 1.045169 1.108331 1.070486 0.847635 1.074691 1.091638 1.220944 1.020840 1.250133 
0.924948 1.009675 1.084060 0.973593 0.933040 0.958047 0.983812 1.205228 0.900730 1.211826 0.944637 1.020841 1.018864 0.947365 
0.985092 1.100403 1.011139 1.157916 1.009893 1.209422 0.797290 0.917654 1.232193 0.842925 0.878738 1.038028 1.045481 0.873116 1.232276 0.900914 
1.004638 0.938820 1.065228 0.947912 1.058554 
0.902338 0.862613 0.940371 
0.926734 0.818411 0.895985 0.928836 0.910670 1.068676 0.827599 0.827290 1.000589 0.802352 1.012296 0.839436 0.932051 0.809308 0.841248 0.807818 0.865326 0.841779 
0.872244 0.966184 0.909378 0.837931 0.849661 1.036467 1.048949 1.089622 1.129884 0.943882 0.989969 0.965642 0.848094 1.110325 0.908823 0.897323 0.870806 0.838993 0.960526 1.027073 
0.926050 0.970306 0.844171 0.892804 1.217684 0.889957 0.856903 1.086458 0.889319 1.197421 1.046751 0.981293 0.876891 0.807188 0.929106 1.014557 1.031664 1.187597 0.962701 0.989145 
0.862150 0.883688 1.034195 0.943287 1.095272 0.997635 0.926414 1.213129 0.973430 0.877547 1.168250 0.937849 1.050434 
0.849679 0.941860 0.891452 0.938339 0.901162 0.851950 0.883459 1.184916 0.916597 1.018061 0.831442 1.025303 
1.069041 1.195319 0.982128 0.856724 0.912615 1.010759 1.011745 1.060519 
0.941579 1.048923 1.095692 0.956762 0.989271 1.059847 0.800933 1.153507 0.811161 0.873172 1.129706 1.000146 1.224220 
1.064197 1.068772 0.977320 0.855134 1.008118 1.023292 0.807481 1.204378 
1.047496 1.067034 1.069383 1.016863 1.241552 1.121344 1.037130 1.098670 0.919792 1.058546 1.200118 0.969277 0.880998 1.139093 1.107879 1.098157 1.067420 0.933238 0.950372 0.815479 1.132782 
1.253620 1.067057 0.939654 1.093178 1.000497 0.842381 1.202251 0.887003 1.101751 0.946789 1.201759 0.802055 1.085789 0.892549 1.023592 1.200334 1.122570 0.866709 1.051195 0.812001 1.139292 1.062215 
1.158533 1.014864 1.135355 0.878096 1.019201 1.165834 1.133583 1.108583 0.852395 1.130370 0.861413 0.936179 1.124873 1.069504 1.070957 1.060300 0.836243 1.057967 1.122006 1.020142 1.171726 0.969653 1.109830 0.853213 1.029850 
0.901435 1.206091 1.018334 1.093630 1.107136 1.251065 1.154560 1.078358 0.813450 0.914428 1.096239 1.045571 1.201750 1.107002 1.184328 
0.963450 1.099250 0.817253 1.116820 0.821216 0.979917 0.804817 1.241049 1.148764 1.035820 1.086334 0.937873 1.053788 
1.005571 1.081466 0.946389 1.025929 0.973939 0.887509 1.195371 
0.967894 0.979622 1.033630 1.247926 0.976891 1.005492 0.830421 0.967244 1.142286 1.156234 1.036254 
