0.000000 0.042612
0.000000 0.016582
0.000000 0.027525
0.000000 0.017631
0.000000 0.024122
0.000000 0.020607
0.000000 0.033852
0.000000 0.026762
0.000000 0.055492
0.000000 0.149478
0.000000 0.113106
0.000000 0.049480
0.000000 0.078230
0.000000 0.026036
0.000000 0.045142
0.000000 0.017997
0.000000 0.040914
0.000000 0.035590
0.000000 0.047792
0.000000 0.030962
0.000000 0.027822
0.000000 0.021264
0.000000 0.026696
0.000000 0.025571
0.000000 0.018970
0.000000 0.054802
0.000000 0.047038
0.000000 0.188846
0.000000 0.031806
0.000000 0.124824
0.000000 0.062014
0.000000 0.017067
0.000000 0.018445
0.000000 0.025914
0.000000 0.060415
0.000000 0.112735
0.000000 0.014721
0.000000 0.013217
0.000000 0.020771
0.000000 0.035061
0.000000 0.017565
0.000000 0.029422
0.000000 0.083594
0.000000 0.024920
0.000000 0.034913
0.000000 0.018888
0.000000 0.044942
0.000000 0.028197
0.000000 0.050673
0.000000 0.074765
0.000000 0.088532
0.000000 0.104215
0.000000 0.030475
0.000000 0.036870
0.000000 0.037545
0.000000 0.021589
0.000000 0.121468
0.000000 0.036796
0.000000 0.094045
0.000000 0.034037
0.000000 0.024250
0.000000 0.022342
0.000000 0.053162
0.000000 0.099379
0.000000 0.033399
0.000000 0.020782
0.000000 0.107829
0.000000 0.041534
0.000000 0.019795
0.000000 0.160988
0.000000 0.037248
0.000000 0.050758
0.000000 0.021494
0.000000 0.030019
0.000000 0.081656
0.000000 0.038404
0.000000 0.032219
0.000000 0.021135
0.000000 0.018367
0.000000 0.022966
0.000000 0.014418
0.000000 0.026581
0.000000 0.029161
0.000000 0.028208
0.000000 0.292043
0.000000 0.023570
0.000000 0.026351
0.000000 0.041666
0.000000 0.025332
0.000000 0.076509
0.000000 0.066662
0.000000 0.038547
0.000000 0.074316
0.000000 0.032008
0.000000 0.017828
0.000000 0.029807
0.000000 0.053073
0.000000 0.026875
0.000000 0.260460
0.000000 0.038706
