19.840630 19.831428 19.802270 19.982947 19.230894 18.931277 18.593507 20.421599 19.461535 
18.404998 20.316523 19.981924 20.398924 19.723559 19.074216 19.213797 19.940694 19.697523 18.748664 20.400814 20.185481 19.177921 18.691685 19.871441 18.787503 20.005643 
19.176688 18.687239 19.903962 20.148274 19.778359 19.690080 19.228779 19.083794 18.636699 20.349674 18.789044 18.898847 19.959177 18.648065 19.877117 18.917087 
19.794684 19.187341 20.287060 18.528151 20.548756 19.989377 18.721463 18.381959 18.739065 20.422195 20.536283 19.607973 19.433922 18.568985 20.297394 20.573695 19.094463 19.042606 20.082660 18.398594 18.672318 18.629207 
19.018248 19.421595 19.267823 18.329857 18.586040 18.696702 18.352296 19.786025 19.747517 18.475242 19.494908 19.479183 20.566622 20.498524 19.660543 18.370384 
18.941967 19.643452 20.069664 19.996931 20.104272 19.440825 20.083060 19.270056 18.542019 20.303961 19.383038 19.234708 18.815417 19.865116 18.960332 20.239458 20.355626 19.074154 18.606102 19.104762 19.972022 18.875867 
19.629978 20.220804 18.946104 20.302130 19.978056 19.086287 19.765653 19.568796 18.527369 18.422256 19.650474 19.804044 20.358675 19.960264 20.592363 19.244643 19.389098 19.635745 18.920464 19.926250 19.073448 20.371782 19.044819 19.464002 20.436990 20.544891 19.718505 18.609187 
18.492208 19.197309 19.202971 18.603241 18.339767 20.573378 19.979910 20.512444 18.888389 20.025916 20.438282 18.463293 19.680830 20.358605 19.135382 19.263064 19.609085 18.446472 20.643467 19.528410 19.232683 20.426227 20.144571 20.066754 18.987254 19.942269 19.253957 19.127138 20.575810 19.984437 
18.948931 20.120846 20.439947 19.461382 20.618729 19.589446 18.560867 20.485629 18.695913 20.431602 18.877572 
18.846658 20.004704 18.450784 19.297654 
20.194950 18.717790 
19.963698 19.282526 18.625827 19.707122 20.433117 20.544988 20.557695 19.068959 
20.584599 20.091986 18.811931 20.338471 18.916387 19.714162 
20.225529 18.934094 19.477826 18.440543 18.617381 18.834666 19.637321 20.300967 
18.655006 20.292387 19.696584 19.201045 19.987041 20.438094 19.037317 19.550936 20.294246 19.583721 19.095920 19.880845 19.324082 20.225272 19.194356 
18.825574 19.295830 19.754028 19.870113 19.946403 18.962120 19.994642 19.165560 19.591037 19.376330 20.616797 20.179880 19.285418 18.693324 18.540528 19.259418 18.352768 
19.975611 19.301766 20.604259 19.837584 19.539551 18.506603 20.347349 
19.444535 18.964584 19.861600 19.652327 18.716163 19.876310 20.176844 19.282286 19.585260 19.470460 20.542445 18.338926 
18.506833 20.121397 20.556720 19.236340 19.983442 19.506038 19.655759 20.373505 18.335987 18.742748 19.258589 20.343607 
20.298444 19.235382 19.479105 19.270834 20.196983 19.802046 18.856655 20.243840 19.951319 18.473694 20.419861 19.086954 18.412036 
19.315143 18.413500 19.898886 20.179963 18.721357 19.940987 20.321501 20.159768 18.896504 20.181833 19.200421 19.842364 19.739424 18.862806 18.427566 19.072753 19.143993 19.914459 19.724205 18.939611 19.753463 18.880044 18.343393 
19.731633 19.475149 19.452425 18.584245 18.372780 20.623456 18.931220 18.905115 20.296299 19.646860 18.698104 19.772661 20.006353 18.781465 19.970081 20.276137 20.204528 20.344178 18.571661 20.121411 20.161662 20.621064 19.981398 20.309491 19.783209 
19.940333 20.104998 20.574531 18.803508 19.573083 18.855071 18.848013 19.815568 18.525585 18.994888 20.382696 19.864795 19.217878 19.107030 19.027506 20.586732 20.138168 19.462637 19.272529 
20.163853 19.646465 19.805041 19.922143 19.989909 19.588373 19.243872 19.313408 20.086163 20.243819 19.277373 19.515268 18.872977 20.455552 18.761941 19.269272 18.392093 20.484389 19.318764 19.572899 19.313425 18.625360 19.221484 
19.627825 18.859650 19.396826 20.249337 19.781995 18.805746 19.556333 20.283287 18.770577 19.569139 20.271644 19.166934 19.156781 19.332726 18.953058 20.003084 19.029627 20.599965 19.180868 19.750370 20.257794 19.759062 20.246457 19.027010 18.363127 20.467812 20.378190 19.938796 19.612943 20.455791 20.141223 20.273305 19.998551 20.045937 19.528936 19.853937 20.235099 19.782594 19.553358 
19.588919 18.941797 19.643253 18.793173 18.633717 18.448582 18.451099 18.876964 20.557185 20.482501 18.360682 19.466657 20.279672 18.894415 20.636265 20.551877 18.786963 18.965907 19.090245 20.047616 
19.978849 18.386435 18.996754 20.042231 19.120067 19.314646 20.553067 19.762101 20.118845 19.696311 18.516714 
20.590673 20.392765 18.935690 
18.962046 20.518859 19.289907 20.423461 19.276024 19.803064 19.479708 19.818918 20.594239 18.843027 19.804872 18.749768 19.186981 19.159895 
18.338137 20.633343 19.894444 19.834685 19.988104 20.008591 19.382831 20.318355 19.999600 
19.264674 19.740029 19.231652 19.850320 19.848145 19.560945 20.101285 19.679404 20.481506 20.203828 20.573061 18.433099 20.086493 20.184839 18.372129 
18.502580 18.730177 18.944013 20.599129 18.603485 19.889444 19.965943 19.659938 20.347360 19.235191 19.367807 19.504358 18.725958 18.661223 19.595339 20.324808 19.681763 18.478892 19.035420 19.219296 
18.520434 18.334569 19.560047 18.615876 19.554812 19.074434 19.322364 19.030189 20.633727 19.757392 20.153228 19.218624 20.581611 20.136571 19.514025 18.464440 20.329483 18.540453 20.578006 
19.831417 18.876672 19.179693 20.174120 18.589053 18.732143 20.642494 19.639932 19.471568 20.530641 18.757161 18.400496 19.583392 19.136602 18.733929 19.218239 20.066144 19.932371 19.465668 19.915732 19.527714 19.837311 18.641756 
20.133993 19.805411 19.500846 18.567254 19.806188 19.444731 19.944282 20.379783 20.158687 20.242224 18.747239 20.052925 20.294041 
19.034720 18.924974 18.593744 18.843007 18.945985 20.488188 18.961414 18.770470 
19.826504 20.579620 19.297442 19.631110 19.562589 20.047909 18.633924 19.165656 19.801201 19.437467 20.201640 20.382673 19.693594 20.131785 19.591384 19.714950 19.114790 19.956560 20.436935 19.618773 20.114015 20.406284 19.028766 20.107270 19.086497 20.504858 20.520378 
19.237676 19.277162 19.297442 19.047732 18.774752 19.233693 19.642864 20.508998 19.075691 18.685117 18.728683 19.161736 19.523927 20.592249 20.249078 20.472124 20.376468 19.941934 19.292612 19.393833 20.037197 19.975479 19.439341 18.565535 20.240539 20.374967 20.645029 18.411029 19.490656 19.342425 18.323645 20.618689 
20.461434 19.146394 19.448771 19.377899 19.684092 20.314255 19.195059 20.371670 18.951926 18.662249 18.916096 20.052590 19.404599 18.602279 19.432166 20.608174 19.982952 19.114368 20.080310 
18.647416 19.867707 19.495424 20.232418 20.590673 18.565582 20.334104 20.216985 18.722795 18.455086 20.261092 18.582192 19.618181 20.205935 18.858180 19.814603 
19.684978 19.634920 18.753322 19.275894 19.036130 20.112865 19.728232 19.890231 20.495184 19.433712 20.095278 19.620906 19.416816 20.473362 18.376951 20.444655 18.814923 18.799858 18.824433 20.475236 18.999487 19.398669 20.124366 18.852386 20.175802 20.480564 20.243629 18.753215 
19.801435 20.562710 19.214569 19.065673 20.165695 19.161870 18.933314 20.608192 19.548488 19.444173 19.902584 18.806683 20.443260 18.607951 20.023642 20.363066 18.772917 19.627348 19.716276 19.404257 
20.391750 20.115088 19.417900 18.588049 20.160362 20.129000 20.502503 18.898494 18.726964 19.606392 20.423555 18.904504 19.292273 18.861300 20.114858 18.558090 
19.164367 18.896138 18.580668 18.454478 20.252557 19.547953 19.116515 19.217050 19.706429 18.951199 19.723251 18.420555 
18.373646 20.186298 18.769076 19.408698 18.903397 19.255099 19.839216 18.678362 20.077265 18.749735 19.673969 18.717320 19.332029 19.192585 18.981263 19.047209 19.271114 20.092371 20.087736 20.165957 20.045745 20.049264 19.116648 20.047859 19.058322 18.489682 19.631674 
18.527400 20.491879 18.662361 19.102342 18.481111 18.953534 18.843782 19.709027 19.086814 20.229174 20.329548 20.140623 20.029502 19.106161 18.497970 19.202404 18.368514 19.233610 18.768648 
18.520966 19.700299 19.157595 19.327513 20.530102 20.626213 18.865055 19.414719 19.989952 20.081586 19.938938 20.016886 19.423509 19.959482 19.919497 20.279935 
18.759066 19.045735 19.807563 19.456336 20.593560 19.690724 18.369811 18.996043 20.067394 19.153114 18.574239 18.825395 20.511187 20.170291 20.646404 20.618502 20.423678 19.719947 
18.835967 19.092194 19.191370 19.512616 19.700252 20.069373 19.618896 20.176510 
19.180435 18.716787 19.893085 18.995936 20.362797 20.422159 20.570052 19.674462 19.362145 19.980302 19.655611 19.293218 18.997642 
18.554396 20.254544 20.257603 19.838631 20.346921 20.028228 19.732659 20.388130 19.019384 18.950946 19.317412 19.313157 19.405876 20.466239 
20.216126 20.616310 19.737652 18.705169 19.538313 20.190204 18.998939 18.648345 19.143561 
19.822290 19.072242 19.452269 19.368069 20.339506 18.684653 18.801959 20.324338 19.884092 19.016801 19.033691 20.385888 19.489056 20.492593 19.874549 
19.264744 19.838728 18.823787 19.668944 20.048286 18.637503 18.504813 19.255104 18.959229 19.880284 20.441798 19.400172 19.494140 20.520114 18.882393 18.607861 19.028877 18.792325 19.166577 19.021749 19.864749 19.375124 
20.492016 19.863571 19.503248 20.111634 18.842021 19.855301 19.022692 19.497332 19.572834 19.170048 19.378779 19.748346 20.468940 
19.231622 19.293324 20.090111 20.014145 20.222323 20.076789 18.624599 19.431455 18.655135 19.565597 19.813316 20.047584 20.187343 20.195711 19.631854 18.670386 19.171531 19.483516 19.983213 20.228679 
19.956048 19.247083 19.612912 18.668639 19.480843 19.383487 18.432434 
20.633883 18.651176 19.260320 20.430143 19.370811 20.383208 18.450827 19.617286 19.789110 18.962424 20.111151 18.533646 19.559702 18.523091 19.994162 19.939730 20.108312 19.010083 18.449445 19.256160 20.157730 
20.360834 18.876155 19.540643 18.775787 18.714953 20.107089 19.103631 18.518809 18.828086 18.867053 
18.593273 19.375540 19.940687 19.559212 19.005985 19.412611 19.841200 19.032562 18.416464 20.111989 19.798404 20.105406 19.797253 19.869088 20.330283 20.207354 19.166221 19.989467 19.770225 20.296777 19.608341 19.447878 19.761387 18.748509 19.935035 
20.157348 20.261340 20.103734 19.529318 19.316109 19.873783 20.210531 19.102290 19.549508 20.546123 19.467083 19.091854 19.648157 19.357760 19.601981 18.372762 18.657619 18.655472 19.933404 
19.879489 18.527079 19.230745 18.924049 19.543759 18.929242 18.440772 20.296397 19.735913 18.558843 19.170104 20.587075 18.530229 20.552423 18.422399 19.371849 19.491735 
19.517870 19.671812 20.448577 18.884001 18.909177 19.134391 18.451333 
19.046729 18.822080 20.271487 20.629452 18.808762 18.636573 18.491298 
18.679697 20.205674 20.523936 20.250711 20.250157 19.882293 20.626019 18.830473 19.659188 20.098073 20.499147 20.583091 20.535864 
18.918323 20.002538 19.559567 19.442561 20.432642 18.781710 20.535716 19.020890 18.336990 18.553125 20.471228 18.946112 
20.205041 19.452914 18.876736 18.901104 18.856955 19.194039 20.284373 20.458382 
18.701072 20.441237 20.125314 19.117714 18.635080 20.229990 18.586665 19.860737 
19.523005 20.351529 18.382314 20.114075 20.216392 19.471640 19.848321 18.924860 20.531809 20.601571 18.969954 
18.625015 20.470449 18.541446 20.349451 20.025195 19.181541 20.117454 19.844011 18.511136 19.389432 20.061894 
19.609835 18.648803 19.693714 19.242891 19.724936 20.072352 19.805272 19.970914 19.031390 18.873237 19.558447 18.476906 19.994805 20.325348 18.833275 20.199017 
19.616341 18.822313 19.603375 19.646920 18.491916 18.457010 19.029457 19.550200 18.554383 20.164431 18.955068 19.530024 18.710440 19.027574 19.499276 19.754546 20.614550 20.078729 18.497265 19.553714 
19.025684 20.230241 18.325718 19.586110 19.806691 19.381225 18.434572 18.917242 18.429258 20.512114 19.368395 19.512603 19.279268 20.636534 18.613862 18.938956 18.411421 19.823185 19.596394 20.403913 
18.385607 19.978216 20.142000 19.551878 20.178208 19.713352 19.841410 20.629426 19.221689 18.360072 20.556297 18.769888 19.082993 18.597678 
18.518408 18.355680 20.505718 18.510794 18.419274 18.525194 19.003179 20.635224 20.305659 19.273813 19.040533 
19.860759 18.559489 20.373449 19.990986 20.001751 18.917951 18.794358 18.509727 20.484363 19.352878 20.128134 20.375462 19.821435 20.524117 18.952168 19.087675 19.799629 19.167800 
19.165008 19.113769 19.915604 20.396949 18.373383 19.341278 20.141085 19.793100 19.918263 18.869564 20.434460 20.156225 
19.079228 18.638321 20.246600 18.464780 20.523213 18.363620 18.849280 20.498543 18.863779 18.672252 18.860316 20.235106 19.157568 20.281897 20.272756 18.639413 20.055279 19.156574 19.692684 18.536910 18.373926 18.831574 18.632311 20.381452 19.386400 
19.828106 19.626834 20.058393 19.448090 20.384231 18.618968 19.951464 18.656048 19.397802 19.959699 20.639685 18.537069 19.088601 18.382641 18.501868 20.394267 19.845226 18.627548 18.879571 20.549793 20.220932 19.074794 19.999776 19.146410 19.906200 19.276279 20.190347 20.171220 18.674555 20.301497 
19.399577 20.637575 19.579361 18.793907 19.618740 18.434972 20.154614 18.469685 18.560808 19.688830 18.535839 19.835889 20.607099 19.050541 20.417415 
19.256686 18.830008 18.547848 19.670049 20.077643 20.206389 20.414667 19.398735 20.243232 20.597340 19.972542 18.432621 20.551205 20.043156 18.866609 19.506552 19.915515 18.407422 20.397876 18.481394 19.043585 18.693418 18.840527 18.843068 19.609362 20.128338 20.124182 20.536662 19.517440 
18.392378 19.392424 20.153722 19.064760 19.933710 19.433116 19.391482 18.786348 18.760089 20.258385 20.451473 20.236607 20.079848 19.320038 
18.451243 20.343161 18.999423 18.438244 20.420645 18.998861 18.964763 20.505702 19.654897 19.655762 20.458255 18.551352 20.579603 20.513166 20.600261 19.736900 
19.368110 18.899146 20.489792 20.468262 18.493547 
19.639461 19.132149 20.543217 
20.167299 19.784054 19.902907 18.959778 20.609557 18.529829 18.736971 18.778181 19.881822 19.874379 19.606083 18.520366 20.575016 19.754800 19.793494 20.119034 19.704356 18.340484 
19.378974 20.389174 19.460368 19.207164 19.770707 19.760921 20.319556 19.601480 18.441428 19.859196 18.572528 19.431134 19.398988 18.872715 20.285540 20.195085 19.354736 20.544803 19.671098 19.958326 
19.731850 19.701778 20.105375 19.148776 20.261143 18.435675 20.021824 20.161633 19.073636 20.112360 18.709641 20.398337 19.917382 18.488228 19.633926 19.643484 20.093539 20.486165 19.495169 18.792196 
19.601934 18.788186 18.788600 20.250287 20.118185 19.586495 19.044665 19.903825 20.032164 19.843952 20.151647 20.076751 19.443121 
20.579036 19.180537 18.925837 19.785422 18.902635 19.414358 18.620044 18.456125 20.004625 18.848538 18.987648 19.504296 
18.823475 18.688556 19.400808 19.520838 18.769112 18.986654 18.686796 19.053150 
18.350339 19.974648 20.133735 19.024325 19.566840 19.563786 19.058453 19.637906 19.919123 20.148802 19.834681 19.583573 19.058645 
19.956430 19.397902 20.137546 20.021495 19.365516 19.052932 19.870854 18.676059 
18.666185 19.301182 19.236022 19.180979 20.432824 18.969781 20.069062 19.155122 19.450748 20.621097 20.097159 19.116914 19.782783 18.660291 20.361168 20.459535 18.437181 19.004779 20.339541 18.756524 20.540267 
19.008583 19.623483 18.578681 18.865994 19.060506 18.977301 18.410278 18.385235 19.311732 18.454299 18.353132 19.730078 19.299559 18.909086 19.405689 19.674015 20.513829 18.941376 18.482553 19.922540 18.803639 19.372556 
20.432257 19.357451 20.101918 19.518927 19.567501 20.470226 19.714290 19.595578 20.373933 20.595208 18.504747 18.692627 20.317365 19.659810 19.483546 19.430934 19.910468 18.392605 18.332022 19.154839 20.111331 18.797328 20.317534 18.365300 19.939664 
19.929949 20.611608 19.173436 19.253417 19.409866 19.439194 20.596331 20.639308 19.514714 18.744742 20.402894 19.361197 20.427921 19.264279 20.295107 
19.445071 20.020088 20.308641 18.376074 18.347199 20.113939 20.634437 20.316357 19.846697 19.726965 19.616894 20.027649 18.915919 
18.374583 19.402789 18.337380 18.964772 18.694506 20.535098 20.337855 
19.829204 20.453573 19.707100 18.508437 19.876707 20.059334 20.329800 18.847464 19.869382 20.359688 19.480646 
