-98.962603 -102.803805 -101.860239 -100.903073 -98.858700 -98.371754 -98.860212 -101.492477 -102.548447 -102.226281 -96.949714 -97.338091 -101.933794 -100.427856 -100.939618 -99.204080 -103.117723 -102.049004 -97.503395 -96.602278 -99.783901 -101.304165 -101.399565 -105.002581 -97.953759 -104.903438 -105.218744 -99.997976 -99.374431 -102.577886 -96.986690 
-101.937542 -98.860928 -99.592657 -100.480732 -98.873347 -101.865308 -103.830048 -102.993015 -103.500706 -102.345287 -96.795451 -99.830650 -98.406982 -98.460374 -104.994449 -100.498721 -98.678578 -96.909448 
-99.757175 -99.989170 -101.990448 -102.303410 -98.508280 -102.060335 -101.789240 -96.994558 
-102.872796 -97.214130 -102.384285 -97.968469 -99.775880 -102.731683 -99.956122 -104.610492 -102.131381 -97.500354 -97.151235 -98.056637 -97.003432 -102.657950 -102.646708 -97.413773 -102.710945 -97.337277 -99.358672 
-102.196829 -98.366461 -100.777479 -103.532869 -104.206472 -99.701903 -102.238561 -97.490451 -102.089650 -96.692143 -98.721737 -100.178697 -101.827879 -99.271253 -97.877559 -101.705706 -103.763437 
-96.964949 -99.697657 -101.468510 -103.663713 -104.082625 -97.986736 -99.854088 
-96.812732 -104.223161 -100.979840 -99.951019 -99.126635 -97.131880 -103.290723 -102.410244 -101.030012 -103.796424 -102.804538 -96.546748 -103.834735 -97.420558 -97.164953 
-99.252649 -102.858161 -102.683988 -96.410064 -98.220527 
-101.750167 -101.777672 -99.435700 -99.828372 -102.871192 -99.488362 -101.228290 -100.127300 
-103.118933 -102.239889 -102.175391 -102.556057 -98.528881 -97.532352 -99.769919 -99.309509 -98.511054 -98.488529 -103.024333 -103.179458 -98.354974 -102.174787 -96.891461 
-98.708882 -104.191085 -104.268115 -104.202456 -98.703815 -101.916322 -101.547685 -97.683788 -97.691759 -99.962976 -99.129751 -105.261991 -103.792181 -104.144479 -99.765844 -101.348487 -103.064241 -103.087497 -102.865918 -97.157677 -96.538594 -103.215341 -97.799004 -100.194913 -96.964744 -102.178782 -97.157405 -105.291178 -98.337162 
-101.593341 -100.252417 -102.881138 -104.599630 -98.385707 -101.239585 -102.182517 -98.786251 -101.656703 -102.093480 -97.323735 -104.192783 -101.831101 -102.803759 -100.840962 -98.518426 -101.591852 
-98.355227 -96.380676 -103.705603 -100.549239 -101.616655 -98.598151 -101.777552 -104.834977 -102.818182 -102.117238 -97.823448 -101.422823 -103.136815 -100.963271 -98.267740 -103.514882 -96.428230 -100.577008 -100.207439 -103.313510 -101.277443 -102.289686 -101.926358 -103.267138 -103.445545 -102.462696 -97.172306 -101.941411 -100.011697 
-97.705515 -101.264887 -98.605443 -96.175439 -97.939017 -101.155652 -98.833474 -100.529033 -97.475639 -101.949597 -99.793530 -96.840964 -100.099089 -103.098189 -102.105941 -101.797289 -101.314262 -96.423274 -103.995979 -97.112758 -103.556765 -101.270797 -103.206021 -100.606801 -97.681402 -99.693078 -99.517744 -97.732834 -97.236686 -104.159363 -98.503941 -98.172476 -100.520751 
-98.593940 -101.851452 -98.412647 -97.625357 -99.053539 -104.274180 -99.768747 -101.624934 -99.873621 -97.600171 -102.844472 -98.626641 -102.103984 -99.689406 -102.858181 -97.668515 -104.145843 -96.892575 -101.131848 -104.994992 
-100.390413 -100.053739 -99.255111 -104.384106 -98.525517 -101.969599 -101.612191 -101.317353 -99.480007 -99.303701 -98.864771 -104.317763 -100.335971 -97.928060 -98.648721 -102.029262 -97.807790 -98.389843 -102.378924 -100.101056 
-101.334030 -102.121119 -97.138947 -101.079611 -97.845076 -98.062997 -100.959438 -98.758199 -101.793552 -97.574698 -97.033628 -103.948636 -100.932674 -103.198614 -102.510465 -97.188605 -98.933318 -102.395148 -97.864026 -104.722848 -97.448247 -103.509155 -103.498869 -98.101822 
-96.651213 -101.434823 -100.965383 -101.876012 -103.338420 -98.960471 -97.979541 -104.247075 -96.174943 -102.595944 -104.766325 -97.195163 -100.302069 -100.657498 -97.209725 -104.674998 -97.494121 -101.843605 -101.785504 -104.126673 -101.059895 -97.638980 -104.722193 
-103.092647 -103.334358 -102.781664 -103.485279 -101.868339 -102.332849 -102.283489 -96.825133 -102.488181 -96.925068 -103.069863 -100.100535 -102.411645 -102.924756 -102.977557 -102.929385 -96.630152 -96.982556 
-103.334451 -99.685058 -104.459012 -104.536423 -101.468052 -97.969601 -100.603603 -99.926261 -103.146596 -102.859377 -96.380161 -101.141797 -98.624459 -103.955055 -103.517090 -103.502305 -97.436067 -99.359599 -100.078433 -100.492783 
-96.970244 -96.495095 -100.402771 -100.003107 -97.741369 -102.115654 -101.567501 -104.337847 -98.490121 -98.227349 -101.273463 -96.390518 -103.021617 -104.793861 -98.596250 -100.516695 -99.375151 -103.364085 -99.093081 
-97.760697 -102.379979 -104.751410 -103.429750 -102.011540 -96.958821 -103.624840 -99.866470 -100.101480 -104.961469 -99.345209 -103.020918 
-97.775869 -98.528822 -98.849751 -101.194383 -102.377024 -100.371172 -98.940326 -99.755490 -98.351788 -99.844031 -101.952127 -97.844247 -103.164575 -102.527024 -104.495915 
-98.372752 -98.659677 -105.610549 -103.312478 
-99.798936 -100.109621 -101.195691 -97.914602 -98.891524 
-100.740080 -100.270844 -96.326938 -99.521085 -104.149103 -97.067631 -103.193972 -101.837891 -98.305991 -102.068996 -98.457979 -98.480070 -103.474593 -100.619714 -102.465893 -97.208226 -97.911236 -99.840944 -101.000265 -97.069614 -96.591082 -100.503981 -97.543421 -97.762705 -99.803986 -100.922305 -104.013123 
-102.377312 -101.468731 -96.339954 -97.378165 -103.109990 -101.922162 -102.668929 -102.444213 -101.724220 -101.532962 -100.402505 -102.137037 -103.978974 -97.436567 -102.762098 -101.520152 -101.056263 -100.621543 -99.337252 -100.465544 -104.099042 -99.976375 -101.668222 -101.730823 -98.289220 
-100.496014 -103.892542 -99.411295 -97.170634 -101.786506 -99.690412 -102.620817 -99.143094 -101.143121 -101.442980 -99.438500 -104.447236 -101.335908 -101.420736 -97.099185 -98.604253 -99.052325 -101.398278 -101.128665 
-103.681889 -97.095468 -100.367235 -99.764163 -100.499171 -98.648996 -100.130174 -102.763800 -98.820762 -96.838610 -99.408529 -97.097573 -102.187075 -102.274748 -97.179844 -99.145693 -96.999424 -97.554751 -100.715418 -102.805598 -97.993160 -103.293462 -100.648412 -101.421779 -97.609356 -105.233170 -99.604220 -100.360394 
-101.425888 -101.274018 -99.825942 -97.803129 -99.634122 -97.164640 -102.843243 -104.089123 -101.889050 -100.856602 -99.326097 -97.485403 -100.065372 -101.468578 -101.084642 -97.258536 -99.643528 -97.105146 -98.355253 -98.200363 -100.789114 -102.373640 -98.374976 -101.151571 -99.202132 -97.583097 -100.752422 -103.431060 -102.325663 -102.792616 -97.549102 -99.051298 
-104.469660 -99.859588 -102.212874 -97.575577 -103.053906 -101.851656 -101.601094 
-98.083974 -99.314650 -103.165698 -100.080594 -100.724633 -102.042204 -98.067070 -104.988160 -103.019462 
-100.010991 -100.217773 -99.464635 -100.543654 -97.792553 -104.660171 -104.294390 -102.295969 -103.927983 -97.766283 -101.823320 -98.036314 -103.788370 -102.624918 -105.664056 -100.361086 
-103.232105 -99.657505 -105.152845 -101.306431 -96.568668 -102.908740 -100.596111 -98.041767 -100.665337 -99.403063 -101.757666 -104.429062 -98.392753 -103.772864 -98.755600 -98.241043 -102.562116 -97.115095 -100.264124 
-98.271545 -103.580980 -103.467359 -100.897432 -99.458959 -98.955049 -98.035990 -97.813819 -104.827127 -101.130031 -98.995118 -100.044110 -101.266662 -98.856483 -99.789546 -104.640642 -102.937059 -101.086119 -97.904027 -98.137461 -104.346172 -96.400404 -100.748831 -103.471653 
-101.348036 -102.802778 -104.111956 -100.399661 -102.116271 -98.907736 -96.921312 -98.807502 -100.612737 -103.329282 -98.886401 -103.010375 -99.090108 -99.561082 -102.891364 -100.078874 -101.434403 -97.760254 -99.650140 -99.371476 -98.730282 -99.489548 -100.334974 -97.593132 -99.891262 -102.347209 -100.021456 -98.246092 -97.861461 -103.224207 -103.977805 -98.969489 -102.782416 -101.442477 -96.196505 -103.993561 -103.993404 -97.320208 
-104.234636 -103.007667 -103.335821 -99.109333 -102.047344 -100.704118 -99.060400 -102.028948 -99.048223 -98.975249 -102.701953 -102.664982 -104.103228 -103.610246 -97.286585 -99.680119 -97.398163 -98.642026 -98.549918 -99.095259 -103.271122 -97.792047 -97.685767 -99.760189 -102.803731 
-99.427599 -99.511451 -102.648379 -96.857481 -102.843653 -102.361298 -102.728361 -100.458062 -97.079613 -103.749282 -101.536660 -103.558050 -102.492426 -103.726084 -101.214099 -96.568010 -104.500130 -96.831894 
-97.109333 -103.239456 -101.951278 -96.384526 -101.733684 -99.041376 -104.527156 -99.175204 -102.308275 -99.977721 -105.045108 -103.384569 -99.329237 -98.776274 -103.036160 -103.828544 -96.880910 -101.092353 -97.021325 -100.485822 -99.024699 -99.042095 -98.464645 -97.113832 -100.719507 -96.474941 -99.260747 -97.979258 -99.961771 -99.604760 -98.389590 -96.694419 -98.648927 -102.632675 -103.228072 -97.438333 -98.677248 -99.766007 -104.045636 -96.764809 -100.572588 -100.815124 
-99.780339 -99.130041 -103.549975 -101.999194 -102.509591 -102.418761 -97.432962 -100.973173 -100.610258 -97.692523 -100.151911 -98.300636 -100.228791 -104.254628 -105.178296 -99.748524 -105.020336 -103.428526 -104.385955 -97.380057 -96.791217 
-98.512719 -99.123177 -97.252996 -98.627305 -102.906907 -100.471730 -103.251143 -99.028534 -99.495509 -101.236705 -103.188459 -101.528056 -102.020352 -101.782114 
-102.643715 -99.875034 -99.389914 -100.189184 -105.223870 -101.453406 -104.151891 -100.364264 -101.264540 -103.486760 -101.658326 -101.272154 -100.377801 -103.958549 -100.931580 -101.312181 -98.315260 -102.869032 -104.452103 -102.389205 -96.588607 -100.540261 -100.893648 -102.234584 -105.436384 -101.114117 -98.573560 -98.454172 -100.718113 -100.082738 -100.965589 -97.163364 -104.779762 -98.582560 -99.741041 -99.989597 -104.123007 -103.115311 -103.791775 
-105.492002 -98.545680 -100.080319 -101.246446 -100.755552 -103.915478 -99.621419 -103.148540 -104.012262 -98.249799 -101.725313 -99.047283 -100.638278 -102.961439 -97.017654 -97.191727 -103.333087 -104.705823 -104.297953 
-100.072559 -98.024175 -101.037794 -99.161966 -98.248720 -101.373805 -105.020193 -102.524256 -96.523907 -104.197016 -99.252238 -96.735833 -103.401866 -97.062463 -99.289432 -102.189626 -96.254209 -103.827136 -102.066909 -98.013676 
-99.723750 -100.082825 -99.434584 -101.350669 -99.461708 -104.509362 -101.673018 -97.134150 -99.543257 -100.295083 -98.105122 -100.096421 -97.875664 -96.414390 -97.128714 -102.963137 -99.762476 -96.922190 -99.232038 
-102.893500 -102.245957 -104.095068 -102.770964 -97.010901 -99.695098 -98.872935 -98.252294 -101.602596 -98.530218 -100.573698 -101.255930 -101.190971 -99.743125 -97.099966 -100.178436 -97.280673 -98.807155 -97.009009 
-102.259257 -97.294031 -97.442492 -97.700538 -104.191770 -103.070076 -103.274789 -103.122205 -101.946218 -100.803011 -97.097191 -97.933100 -98.573291 -102.203693 -96.847391 -98.266883 -104.255322 -104.399125 -96.508871 -97.662086 -100.900417 -101.896200 -99.817995 -100.384708 -97.148070 -99.693244 -98.824770 -99.900302 -102.134684 
-99.972684 -100.845801 -101.272728 -99.911305 -100.001583 -98.143785 -100.159543 -100.420371 -99.602315 -100.526563 -98.252345 -103.024923 -102.512564 -99.901469 -103.218110 -103.512753 -103.675189 -103.487104 -96.853602 -98.381940 -105.053396 
-103.342233 -105.113505 -100.230511 -97.237148 -98.110063 -99.252315 -102.868425 -103.850647 -104.629103 -100.223843 -102.006407 -100.791904 -99.229652 -96.625241 -97.518062 -100.133064 -97.684084 -100.495752 -102.856249 -99.356286 -98.381071 -98.642140 -101.120832 -104.440257 -103.959608 -104.906004 -98.505508 -98.170697 -96.571452 
-96.637762 -101.366536 -99.600959 -102.039051 -100.417038 -104.073014 -97.002151 
-99.792144 -101.994302 -102.015220 -98.912302 -100.662145 -99.915383 -97.223924 
-102.420281 -96.721814 -100.188469 -103.078872 -100.334343 -101.816889 -102.563881 -98.629431 -99.301701 -99.559718 -97.094879 -102.737834 -99.264312 -96.600347 -101.458772 -100.253275 -103.826095 -105.138226 
-102.827521 -98.863919 -101.789589 -99.805863 -102.861859 -102.128263 -99.581702 -98.236339 -96.542696 -103.845022 -100.874295 -99.855449 -102.716527 -103.459040 -97.399747 -98.010210 -98.654792 -100.262733 -101.521251 -98.942032 -102.364063 -99.275191 -98.478823 -100.916108 -97.117253 -103.225440 
-104.848785 -101.304612 -99.405382 -98.998155 -102.049963 -100.705507 -100.463955 -102.335482 -99.100382 -104.561088 -101.221958 -98.143366 -98.601019 -102.974431 -103.033287 -101.297544 -99.862581 
-103.610698 -100.365084 -104.062481 -102.999226 -101.762160 -101.627354 -98.735226 -103.485830 -104.035868 -97.974608 -103.214251 -97.952200 -100.387686 -101.281445 -105.045287 -96.851673 -104.211714 -100.349753 -99.549867 -97.749436 -98.527605 -103.766394 -99.086001 -102.036277 -97.656358 -99.007950 -100.011984 -103.771388 -103.852430 -100.757473 -96.933972 -102.825569 -96.795426 -97.783741 -104.158833 -98.013454 -97.297856 -100.014132 
-104.011249 -102.241979 -103.019175 -98.566485 -103.194496 -104.791252 -103.953822 -99.668737 -100.202280 -104.997086 -99.106001 -104.742473 -99.070119 -99.996148 -99.189633 -103.657026 -101.631718 -102.778604 -101.612100 -98.824070 -96.604578 -101.652848 -99.404334 -97.943948 -102.182964 -98.974916 -98.520104 -102.553762 -97.792829 -99.958928 -99.793498 -99.775590 -97.300153 -101.215456 
-98.008733 -101.534825 -102.329166 -99.888578 -100.064175 -96.826188 -102.618019 -98.723053 -98.627487 -100.920099 -101.326855 -101.279312 -99.845543 -98.147599 -99.812986 -99.853573 -96.365687 -97.565090 -103.488888 -104.404744 -97.999369 -99.608689 
-101.222894 -101.020885 -102.423996 -101.753587 -104.067320 -100.694329 -97.893984 -101.770173 -102.944992 -99.023587 -103.562891 -104.446126 -96.682879 -97.117134 -99.840418 -99.942511 -102.607880 -98.157286 -100.396764 -99.989711 -101.776943 
-101.579800 -100.095995 -102.665165 -104.934516 -100.622724 -102.544992 -100.116626 -102.718371 -102.892874 -100.889449 -96.451281 -99.449846 
-102.873985 -101.411679 -98.394215 -103.645943 -97.714107 -102.248449 -102.258206 -96.590759 -100.431103 -102.174162 -98.609039 -99.868075 -99.925929 -104.196942 -103.038242 -103.564301 -103.957161 -98.716469 -103.678687 -97.914361 -104.063158 -98.270725 
-104.685857 -96.470018 -102.488876 -96.816955 -101.551632 -101.200147 -101.711133 -97.102813 -101.554549 -102.873745 -103.142968 -96.407799 -98.788040 -103.595840 -99.105064 -104.604702 -97.330199 -99.719746 -99.632591 -104.627965 
-96.630768 -100.224657 -98.286352 -96.336183 -100.597995 -99.576371 -99.681942 -98.752079 -100.586290 -96.999153 -97.635441 -98.664182 
-101.550494 -101.049538 -101.621253 -104.527289 -97.588309 -101.351843 -101.650163 -100.746054 -99.594750 -105.267170 -105.043351 -102.943845 -97.257351 -100.065759 -100.829314 -101.285313 
-99.022217 -99.269411 -103.662938 -101.595380 -103.654226 -100.740131 -98.840759 -102.904063 -97.377882 -104.272083 -100.672487 -98.660574 -100.865618 -100.531649 -98.468148 -100.206344 -101.925560 -99.502550 -100.278081 -97.851223 -99.235381 -99.220320 -102.172488 -101.990103 -97.931539 -96.461495 -100.044478 -98.888828 -100.890093 -103.419130 -97.991356 -103.207697 -100.605950 -100.793371 -102.207061 
-98.991594 -97.127163 -100.002751 -96.846460 -98.730331 -98.039647 -98.503804 -98.617529 -98.407544 -100.280113 -98.437559 -97.235803 -98.530076 -99.875758 -97.039041 -102.623344 -102.229771 -101.975121 -102.476278 -103.418392 -99.677393 -101.875495 -104.822405 
-100.258806 -99.460407 -102.180992 -96.755754 -100.095733 -101.304350 -96.336175 -97.594654 -97.633594 -101.938578 -98.964395 -104.655191 -96.854653 -103.745981 -97.944307 -98.569832 -97.315730 
-102.654835 -97.142704 -101.594953 -103.384278 -97.455978 -101.198813 -100.220709 -98.989275 -99.461374 -102.130399 -103.449163 -102.583114 -100.353540 -97.703866 -100.836876 -101.219023 -103.824996 -96.483223 -102.767661 -96.708402 -101.165100 -100.851340 -103.356633 -101.820135 -100.592250 -102.157278 -98.750568 -101.934314 -99.800705 -102.123045 -102.361015 -99.052837 -100.241518 -101.939330 -100.079436 -97.653387 -102.774891 
-101.089873 -97.636914 -101.521730 -103.099003 -100.684999 -102.668624 -101.590036 -102.568674 -99.161029 -102.675255 -97.799072 -96.609576 -97.340607 -97.154274 -99.077449 -101.369971 -98.535994 
-103.165339 -101.004932 -101.190206 -99.144017 -104.055113 -98.342818 -101.389238 -100.133509 -105.304795 -98.467811 -105.238914 -99.090494 -103.584192 -104.893010 -97.199613 -99.182594 
-97.774981 -102.105867 -99.094884 -97.331239 -103.790311 -99.983418 -102.089872 -100.746082 -97.972603 -101.758230 -100.750521 -103.486609 -96.931627 -102.903967 -100.057145 -97.348345 -102.510929 -99.425220 -102.639701 -100.656861 -99.467055 
-97.169579 -101.844911 -100.835593 -101.137620 -104.475669 -102.463987 -98.338347 -97.952239 -102.449028 -104.136033 -103.088580 -98.926772 -101.291739 -102.055705 -97.096314 -101.370979 -100.520920 -98.133723 -97.436305 -102.754819 
-102.496634 -100.689333 -99.581389 -104.585972 -100.762631 -104.316980 -105.314700 -98.929683 -99.910543 -98.615137 -103.898759 -104.490426 -103.680699 -99.174188 -100.604831 -103.456559 -96.800967 -102.834568 -99.304968 -101.957121 -101.881308 -97.501767 -98.376294 -102.916327 -103.146218 -104.420755 -98.757583 -97.814927 -104.825605 -101.643674 -104.974671 -103.443834 -98.072547 -98.701859 -99.929944 -97.570928 -100.561899 -98.680808 -104.297155 -101.499866 
-97.106669 -99.776582 -99.636065 -98.680524 -102.330385 -101.390195 -102.419826 -96.628599 -102.046489 -98.832550 -98.991599 -98.942125 -104.330905 -99.036315 -99.508534 -101.763764 -102.710785 -97.312641 -99.897450 
-98.773316 -103.485800 -99.940474 -97.876211 -99.700775 -103.154833 -103.679336 -104.319968 -101.692442 -103.390536 -101.243108 -101.795887 -98.711413 -100.121870 -97.154047 -103.830963 -100.407009 -98.068194 -96.963504 -100.131970 -101.532420 -103.439477 -104.385820 -96.383756 -97.366877 -100.755270 
-98.411523 -102.229160 -101.507233 -99.128046 -103.465352 -97.776500 -103.593689 -103.564426 -102.672134 -100.592948 -105.132033 -104.527822 -103.841365 -99.620632 -96.975323 -98.414278 -97.545804 -101.384919 -96.803851 -101.080757 -102.786634 -98.060570 -104.112287 -97.111871 
-99.343120 -101.784324 -102.323829 -101.666895 -103.742256 -97.007312 -100.539580 -100.239106 -98.229691 -101.343008 -101.789917 -100.431517 -103.333922 -97.283980 -100.152724 -100.020920 -97.615418 -97.690549 -103.668234 -96.824200 -98.366406 -98.045638 
-99.791752 -101.060924 -99.375570 -99.817958 -101.714075 -99.826188 -100.309916 -101.501088 -99.464669 -99.529636 -102.149127 -102.594283 -101.773953 -100.084803 -103.526046 -100.482991 -98.069300 -99.895543 -104.219814 -96.688682 -99.386545 -96.890737 -102.618898 -97.202122 -99.923034 -96.215877 -97.944831 -102.200684 
-100.282327 -104.945173 -98.580177 -99.294011 -103.875738 -101.024852 -101.827938 -103.791834 -100.496159 -100.877319 -99.143158 -103.072879 -104.062797 -101.849970 -97.357809 -102.493602 -104.043839 -103.328144 -100.168713 -104.147825 -99.197525 -98.695950 -100.940690 -101.829932 -104.687661 -99.100536 -105.272586 -97.935000 -102.610459 -101.932219 -99.892698 -103.534597 -102.506474 -103.469960 
-100.933563 -104.430895 -98.897203 -100.612972 -101.790162 -101.568172 -97.352963 -99.913195 -101.772515 -99.762171 -102.142142 -102.470716 -97.219925 -97.481447 -99.634331 -99.256037 -103.507356 -99.732031 -102.740750 -99.136355 
-96.558177 -101.109382 -97.293451 -102.608681 -101.439747 -97.904646 -97.071120 -100.278435 -97.600689 -97.371550 -99.803350 -102.418427 -97.799403 -99.604884 -100.589180 -100.350696 -96.569534 
-102.942699 -104.061692 -101.949301 -98.151033 -98.594956 -102.829045 -99.246260 -104.039783 -103.268619 -97.216292 -99.723262 -99.672796 -102.057111 -103.573801 -103.610505 -98.161601 -104.904340 -97.055954 -97.502894 -103.319958 -97.741273 
-97.791234 -99.274843 -101.305681 -101.158782 -102.184224 -96.765532 -102.520552 -98.709105 -99.370406 -102.637885 -96.957548 -100.321973 -99.653347 -103.840290 -104.160784 -103.712332 -101.185697 -103.760709 -101.793065 -101.140372 -98.575004 -97.999053 -103.128981 -97.969162 -102.524972 -103.808443 -98.191437 -103.081365 -103.955156 -99.452392 -96.754424 
-102.874421 -102.637752 -103.749236 -99.292956 -99.322315 -98.829843 -98.053862 -101.534433 -99.151187 -98.570931 -103.864525 -100.029600 -98.928682 -101.832959 -102.212839 -98.828949 -102.710124 -102.978355 -103.699388 -96.811503 -100.043204 -103.528123 -99.908186 -104.689793 -101.344751 -98.466351 -98.296816 -103.475916 -102.328973 -103.997826 -103.824114 -104.624718 
-105.106664 -102.366037 -98.548285 -96.964058 -104.122747 -103.649338 -98.227360 -100.013566 -102.857889 -100.017991 -96.788181 -101.172498 -99.163958 -103.289986 -103.334395 -99.638526 
-100.990671 -99.898648 -100.547779 -99.403524 -103.433222 -104.328094 -97.696412 -98.683208 -102.489188 -99.323630 -102.199974 -97.627440 -100.263972 -100.131147 -97.220829 -98.579254 -98.043123 -97.659374 -97.104856 -102.417703 -102.202076 -96.382335 
-103.217935 -103.816077 -101.828858 -97.403515 -104.649155 -102.409450 -98.160587 -98.618729 -97.308707 -102.209780 -103.495327 -101.812957 -100.858489 -96.804118 -100.917195 -101.320611 -103.249431 -102.253168 -103.444312 -96.752599 -101.952721 -100.614426 -99.406026 -98.564953 -103.128493 -101.417434 -100.802977 -100.231763 
-102.022052 -101.234610 -102.207672 -97.937846 -103.179856 -97.352690 -96.308245 -99.375809 -100.922030 -98.361677 -98.178776 -100.149441 -101.602220 -97.761346 -100.997984 -100.292482 -102.064421 -101.503339 
-97.241102 -97.880104 -101.656236 -101.755527 -97.834232 -102.754654 -100.418689 -103.319058 -97.783419 -105.444132 -101.975198 -101.744602 -101.218961 -103.642806 -102.193287 -103.537751 -101.731112 -97.105611 -103.355234 -98.017642 -104.336364 -100.529644 -101.879098 -102.568327 -102.492951 -99.191859 -99.091652 -102.110775 -100.877579 -98.830769 -97.375491 -99.623403 -104.587387 -97.236711 -97.246832 
-99.209732 -105.427392 -99.066005 -103.560735 -101.062099 -100.247317 -101.009292 -104.904218 -97.776546 -102.447956 -102.150194 -101.429654 -97.117200 -97.168072 -102.279247 -104.397043 -98.618948 -99.598473 -97.451122 -96.218074 -101.916172 -99.563994 -100.446530 -104.666792 -102.502036 -102.209151 -104.552222 -102.245932 -97.163511 -100.934611 -103.958510 -102.979498 -96.863918 -101.052331 -98.837549 -98.670209 -103.565994 -101.598504 
-100.102221 -96.175791 -97.902288 -99.226227 -101.601204 -100.370024 -99.019230 -99.938121 -98.571909 -96.730938 -101.576819 -101.403900 -96.761363 -103.214524 -105.431776 -103.361977 -102.657302 -97.519078 -102.415921 -98.600214 -103.766751 -103.268607 -98.511104 -99.039784 -97.969263 -96.751730 -99.039721 -98.698179 -104.641186 -104.445343 -99.743901 -100.112113 -98.119194 -103.004380 
-100.222094 -101.974883 -102.513251 -101.663152 -103.099712 -97.639067 -103.259039 -103.062619 -100.405929 -101.917045 -103.758137 -99.844846 -100.923572 -98.108719 
-100.276820 -99.960499 -98.067729 -100.626974 -98.513623 -100.950017 -103.967194 -97.574568 -97.842725 -98.030515 -97.590278 -101.981168 -98.474094 -98.976488 
-97.842865 -98.381664 -102.492348 -100.382827 -97.666213 -104.585173 -101.280899 -100.642402 -103.499866 -104.575933 -102.460037 -96.532320 -99.589552 -98.869843 -99.770693 -103.293694 -98.515455 
-104.862361 -97.774376 -102.158640 -102.068280 -96.811433 -96.775524 -100.917711 -96.712572 -104.717752 -98.108571 -104.560730 -99.863211 -99.765873 -97.923623 -105.276314 -99.737241 -102.414177 
-99.680398 -100.225303 -98.549201 -101.933866 -104.072365 -101.858874 -103.903509 -99.753973 -102.339718 -103.255762 -103.782196 -98.416532 -103.780199 -103.561751 -99.660811 -103.970610 -102.417397 -99.402488 -98.249024 -100.071673 -104.227995 -103.843813 -97.732510 -97.552130 
-104.057720 -100.598416 -101.103697 -103.371400 -99.528850 -97.158059 -98.900739 -99.041778 -97.563671 -101.640131 -101.406909 -103.469591 -103.326035 -96.747760 -97.903307 -100.027348 -97.124182 
-101.839391 -98.545674 -101.379846 -102.531255 -98.317241 -105.132473 -96.546190 -100.199870 -98.826599 -98.799527 -98.764284 -100.603990 -101.808195 -103.803471 -100.856314 -104.581544 -96.923040 -98.709632 -97.035545 -103.204562 -102.319314 -96.941512 -100.081189 -100.323262 -98.829766 -101.418453 -103.121539 -101.712826 -99.780227 -101.631273 -101.613915 -98.053631 -97.963618 -99.828056 -104.372192 -96.916425 -97.460864 -105.260719 -103.400559 -98.678716 -100.654332 -98.357780 -98.733256 -104.384422 -102.368755 
-103.744963 -103.544364 -98.941033 -99.137947 -102.196557 -97.107369 -96.862200 -102.727937 -100.848952 -103.724892 -96.820854 -99.683992 -102.010619 -101.522850 -102.007760 -102.607354 -97.436894 -97.523767 -97.326730 -104.176149 -102.403864 
-97.282183 -101.970699 -97.295051 -104.835397 -104.228992 -100.038955 -99.812748 -100.726763 -99.780831 -102.961512 
-101.133634 -97.346148 -100.185841 -97.593788 -100.387892 -101.375760 -102.894742 -100.240688 -97.241112 -103.106736 -102.700685 -98.248078 -101.482622 -102.900251 -97.539241 -103.967796 -96.611672 -102.576820 -103.375733 -101.363048 
