-102.978873 -99.978142 -98.183922 -97.415132 -102.252962 -100.734478 -100.323142 -102.513794 -96.483894 
-100.145091 -105.512084 -99.739574 -101.982883 -102.094200 -104.333324 -97.515365 -104.417347 -97.844987 -100.211166 -103.106791 -98.708723 -102.516006 -102.798902 -103.240318 -97.322738 -102.125293 
-98.758522 -99.867290 -105.160480 -99.530312 -99.531997 -103.745817 -103.310999 -103.992530 -98.840773 -99.530191 -97.841541 -96.793313 -104.829185 -102.356980 -103.691145 -98.577633 
-98.714781 -100.873922 -101.871923 -103.126045 -100.202672 -99.614780 -102.476962 -98.081475 -96.651301 -101.519551 -103.679249 -102.568951 -104.379566 -97.367742 -103.198394 -101.696741 -104.337233 -103.385786 -97.464672 -96.533010 -100.597077 -99.185351 
-97.268794 -100.379695 -103.050635 -97.862823 -101.903391 -98.634045 -98.524155 -99.373445 -103.033686 -99.114670 -104.584797 -100.914543 -102.351243 -100.755243 -97.195473 -100.656422 
-98.813146 -101.905382 -97.853412 -98.692984 -103.146929 -98.100349 -104.554327 -101.812652 -98.726510 -105.561843 -104.462975 -99.898842 -101.461721 -98.984580 -96.776962 -105.029495 -103.068745 -101.324014 -98.134045 -103.124788 -99.111294 -102.535909 
-100.299572 -100.471099 -103.014768 -100.071526 -99.873092 -100.686506 -102.852753 -103.468474 -101.462634 -101.886322 -97.324278 -98.729214 -99.677130 -103.993405 -101.657183 -102.951995 -99.148627 -97.411976 -99.931178 -102.048308 -100.561676 -100.563278 -103.545214 -99.579845 -97.277092 -98.848059 -98.778352 -99.968506 
-101.893973 -101.403229 -97.658790 -103.081565 -101.436199 -97.813778 -103.496336 -102.827797 -99.815434 -99.363234 -98.618005 -101.957212 -98.535946 -101.480513 -103.272907 -104.488125 -99.740462 -102.333462 -102.271110 -98.458238 -103.957287 -102.400098 -104.573117 -100.349330 -101.998885 -99.875312 -96.703881 -98.645069 -99.684779 -98.296760 
-99.248048 -98.035386 -100.667733 -97.111155 -101.251944 -101.517793 -97.993544 -103.940526 -96.924086 -100.620154 -98.033338 
-99.872186 -105.061144 -96.441904 -96.367229 
-99.220221 -99.234775 
-103.313247 -103.320784 -100.722591 -97.710852 -103.758766 -98.850527 -104.447243 -97.289875 
-104.080656 -103.850879 -97.970204 -100.977253 -96.775034 -96.613550 
-102.500388 -102.001417 -99.636188 -101.962196 -97.376219 -101.728316 -98.486196 -97.620305 
-98.438929 -101.251328 -101.736201 -102.555821 -97.893840 -98.188393 -96.735719 -96.587227 -102.516088 -96.508551 -96.278456 -101.852059 -103.594867 -104.644435 -103.770532 
-98.738972 -98.114693 -98.909038 -100.724579 -100.376740 -101.234629 -99.871100 -96.805513 -100.049329 -98.781930 -103.035899 -97.510980 -100.645805 -101.403487 -98.585409 -97.570717 -100.604199 
-101.859818 -98.240915 -99.065483 -99.802495 -97.795493 -99.133715 -102.050489 
-101.275246 -101.712329 -101.554988 -97.738669 -100.192847 -102.222228 -101.000401 -103.368330 -97.115302 -97.664214 -104.526267 -100.630866 
-101.924152 -105.038400 -104.786211 -102.692686 -100.097394 -102.726836 -100.168629 -101.946514 -99.447788 -96.658061 -104.593067 -97.460964 
-104.494298 -96.578318 -101.916961 -100.250930 -101.856861 -104.212278 -103.519814 -100.005644 -104.491867 -97.964594 -102.759986 -103.828137 -98.091936 
-101.581197 -100.500537 -101.296792 -102.721589 -99.310600 -104.680356 -100.261209 -101.740719 -97.231656 -103.572217 -96.689932 -97.968940 -101.112788 -100.829321 -101.291263 -99.642026 -104.400215 -103.976279 -101.523407 -100.415397 -100.469326 -99.950737 -99.538735 
-101.613803 -97.091650 -98.982915 -102.516227 -103.029724 -105.116939 -97.204436 -99.795226 -105.585655 -100.668801 -102.765471 -102.874745 -98.108377 -100.063048 -101.498852 -98.035295 -99.010872 -97.536301 -99.550045 -104.636026 -101.394071 -102.107110 -99.934609 -100.928033 -100.750586 
-105.023177 -97.466536 -100.314763 -96.298836 -96.744448 -97.694843 -99.636166 -96.999826 -99.714209 -101.462340 -97.520620 -100.281420 -100.222704 -99.681305 -104.001570 -98.501621 -103.981298 -100.981774 -97.274020 
-97.388656 -100.814981 -102.570240 -100.853880 -103.139751 -96.959654 -99.381427 -99.731933 -102.167815 -102.770206 -98.655181 -102.512373 -100.057145 -104.751521 -102.543688 -96.770913 -98.268587 -103.503443 -104.414000 -100.192501 -104.131798 -99.546695 -102.735522 
-101.964267 -103.057446 -103.519839 -105.282484 -96.871111 -99.528157 -101.097474 -97.838612 -99.160975 -97.609679 -99.378782 -98.664592 -104.225024 -99.715134 -103.889618 -98.283315 -98.568055 -103.470824 -103.016180 -104.564302 -98.759757 -100.734652 -102.720126 -102.551427 -98.751391 -102.366723 -105.352897 -101.758020 -104.657671 -100.355379 -100.060689 -99.685608 -99.667259 -97.846614 -98.628953 -100.709278 -98.660325 -102.275268 -101.881454 
-104.751154 -97.673193 -103.524917 -99.876591 -102.047409 -101.172166 -99.824733 -96.702922 -103.890168 -101.052833 -101.161671 -96.964462 -98.991038 -101.268176 -99.408479 -98.176386 -103.645383 -102.967254 -97.700501 -102.223733 
-102.691299 -96.365851 -100.289090 -105.227221 -96.440952 -102.120675 -101.276339 -99.985036 -98.425263 -102.024892 -97.168893 
-103.385202 -99.873989 -100.776926 
-100.698667 -103.612406 -101.687130 -104.667437 -98.582073 -99.850682 -101.126995 -99.783847 -101.277478 -100.086695 -100.414242 -101.883637 -99.204843 -104.276463 
-97.387152 -103.988671 -97.189278 -99.720119 -99.277689 -101.355274 -103.584001 -103.572975 -96.978584 
-99.688545 -101.359679 -97.992510 -103.001713 -99.670274 -101.568929 -98.062432 -98.355146 -100.595071 -100.047063 -99.594781 -101.417942 -101.698750 -102.144780 -96.708216 
-99.848839 -97.177266 -101.701040 -98.632805 -100.852345 -98.591838 -100.558635 -100.276223 -104.777023 -102.395467 -100.122697 -103.174584 -101.062590 -101.709646 -101.844497 -104.432525 -98.598172 -98.472171 -97.026410 -104.295204 
-98.357642 -102.740871 -98.072735 -98.642330 -100.265820 -96.777542 -97.156030 -103.797248 -101.323167 -98.836194 -100.712596 -99.365331 -99.539596 -102.582911 -103.208722 -101.793441 -98.777897 -98.722170 -104.995486 
-100.803781 -100.525265 -98.199502 -100.853849 -98.531423 -98.405622 -100.772359 -100.324064 -99.502096 -100.254650 -98.175004 -98.086255 -96.974756 -99.323852 -98.574686 -101.967764 -99.178886 -100.669476 -100.426782 -104.016607 -99.798572 -104.938680 -102.753121 
-99.208579 -98.901696 -100.022365 -99.163003 -104.975633 -96.628675 -97.510630 -103.871423 -97.831888 -97.777732 -96.421946 -104.820638 -105.617185 
-96.647979 -102.355159 -99.268269 -96.453589 -101.870681 -98.979791 -96.503978 -103.222682 
-97.866803 -97.741080 -100.956266 -98.767280 -96.391220 -104.680566 -103.597531 -99.571751 -97.869491 -99.887677 -99.013835 -105.627975 -99.408103 -103.601816 -96.554522 -99.985799 -97.338072 -99.278827 -102.509456 -105.023724 -96.999826 -100.346359 -101.028709 -99.658251 -98.376315 -101.063065 -103.966515 
-103.376197 -96.466664 -100.956266 -98.605966 -97.615642 -96.816158 -99.803873 -100.929980 -98.334038 -98.132347 -100.019371 -97.020123 -103.553257 -103.421190 -104.942695 -102.926432 -103.187836 -98.469545 -101.002048 -102.085683 -96.959711 -103.328943 -98.274564 -100.991136 -101.736507 -97.273983 -104.778840 -100.636486 -103.709070 -103.650347 -97.686456 -99.581063 
-99.187645 -102.675687 -100.940133 -101.786744 -103.378243 -102.455033 -99.440541 -98.410505 -102.983952 -100.270003 -99.427570 -101.512755 -101.263146 -99.279551 -100.357214 -100.672897 -98.372004 -101.685933 -104.275535 
-96.743219 -97.291240 -96.953173 -101.619869 -102.596627 -100.536305 -99.690942 -98.528084 -97.029025 -100.376317 -97.830223 -98.278916 -100.821870 -101.549355 -102.295808 -99.438666 
-98.284346 -96.932852 -97.184169 -102.643878 -99.841451 -100.776728 -96.768766 -97.199282 -97.027537 -101.773016 -101.013280 -104.408847 -104.810823 -101.409399 -97.784896 -97.841986 -96.573079 -103.824907 -101.957689 -99.995712 -103.575030 -97.567221 -102.940718 -97.644228 -100.317397 -104.481563 -105.589999 -99.948627 
-101.001927 -99.289723 -101.956096 -100.191571 -98.491372 -98.296772 -96.839613 -105.005802 -104.484134 -104.308637 -103.577992 -103.188998 -97.324967 -97.218930 -98.064738 -101.704103 -101.701613 -103.964249 -100.755702 -97.646357 
-97.614135 -97.486676 -101.075196 -98.656714 -103.819655 -98.257098 -102.315853 -103.285013 -100.534303 -101.536593 -97.017491 -99.047787 -97.138764 -100.333943 -100.216980 -102.323987 
-100.377548 -96.330255 -100.635431 -98.623305 -102.051792 -98.226024 -103.041226 -101.689457 -103.228342 -101.130202 -101.239044 -98.688210 
-99.236402 -100.041320 -97.270903 -103.051233 -96.960784 -97.099182 -99.096140 -99.068867 -97.423585 -98.563883 -97.789215 -98.357201 -103.552513 -103.677642 -97.711291 -102.388137 -99.736321 -99.530143 -103.306289 -100.903744 -97.583973 -105.349874 -96.762651 -103.435404 -96.893706 -98.249234 -96.858842 
-96.988493 -101.030743 -103.659259 -103.597141 -97.393988 -103.041024 -97.106071 -103.145262 -100.251734 -104.190715 -98.091675 -98.404167 -97.467970 -101.325919 -103.597846 -102.591130 -99.783327 -102.595981 -102.154362 
-96.740142 -98.236382 -101.634222 -97.543779 -99.740812 -101.230492 -97.329897 -102.072160 -104.294041 -103.189003 -98.213590 -97.533558 -99.768747 -102.511944 -98.936145 -101.772099 
-103.323400 -100.136207 -103.747613 -102.037409 -98.215849 -101.305063 -99.861506 -97.142483 -97.375394 -100.114729 -100.359039 -98.692977 -98.405608 -98.855174 -102.943235 -105.224668 -98.321273 -96.943179 
-96.249392 -96.170949 -102.682354 -97.770111 -98.201485 -99.569118 -103.509618 -103.838106 
-103.164064 -99.224767 -97.514109 -98.626595 -102.890307 -97.766323 -104.423351 -99.590569 -100.729557 -103.170457 -99.564984 -97.035937 -99.520150 
-97.285188 -98.314517 -103.181310 -99.101873 -105.171444 -105.345426 -101.772838 -99.367809 -102.985370 -103.937244 -98.154698 -101.135320 -99.855044 -102.661611 
-105.455051 -104.363669 -96.442973 -98.528283 -97.062238 -97.037777 -100.180135 -96.211545 -97.573612 
-101.210771 -97.821499 -100.567117 -99.639888 -97.305942 -99.871636 -96.446556 -101.000111 -100.157834 -100.106344 -96.762124 -104.203343 -99.719272 -103.768744 -103.441638 
-99.016249 -97.120097 -96.888452 -97.989915 -101.632456 -100.257324 -101.072121 -101.523451 -97.062031 -100.321804 -103.626535 -104.500897 -104.132329 -104.943774 -100.865566 -100.069816 -101.583665 -98.502105 -103.382103 -97.515094 -96.565158 -104.765820 
-101.423823 -97.030780 -99.077473 -97.321072 -101.898115 -103.429445 -100.516679 -98.668707 -104.422400 -100.974455 -101.025231 -103.170436 -99.450308 
-101.043224 -98.236859 -96.816784 -105.347965 -101.242298 -102.082476 -99.919185 -100.045184 -97.243886 -104.831092 -99.125430 -104.364215 -100.536391 -101.962821 -102.529610 -97.926395 -102.499003 -97.806858 -103.695083 -98.197218 
-102.171883 -99.833526 -97.141891 -99.404268 -97.121548 -103.482716 -100.306701 
-102.962800 -100.503592 -97.644075 -97.845034 -97.392309 -105.077140 -101.813655 -100.637730 -96.712062 -104.075474 -104.480523 -101.993640 -99.755284 -101.167844 -103.272235 -103.852752 -100.202434 -96.924466 -98.266053 -104.284930 -97.468483 
-105.127580 -100.263434 -100.208917 -100.565023 -101.768208 -100.391486 -97.116271 -101.175559 -101.066787 -103.061559 
-103.469598 -99.468427 -99.435711 -100.870906 -98.872159 -101.391776 -99.426948 -100.136342 -102.718078 -105.196646 -100.241520 -101.166654 -100.917083 -101.971373 -104.510454 -100.278813 -97.107917 -103.362633 -101.177339 -104.993679 -96.861944 -99.727965 -104.176329 -101.156593 -97.568445 
-99.159844 -103.963583 -100.880751 -100.487514 -101.466251 -98.301182 -104.013282 -97.815208 -102.726846 -105.216369 -102.804043 -98.765287 -96.817559 -98.468455 -96.816936 -101.389849 -97.889197 -100.265493 -97.459811 
-98.128776 -102.687541 -99.187481 -97.147331 -98.733155 -99.004752 -101.481939 -103.342135 -97.728594 -100.719090 -97.346681 -97.886987 -97.831875 -99.135534 -98.144460 -104.377581 -98.408104 
-97.100726 -103.431363 -105.291312 -102.405600 -97.045073 -96.723957 -102.905380 
-99.140619 -102.759766 -103.139232 -101.909017 -97.815375 -96.950927 -96.854249 
-101.194603 -98.825673 -103.027451 -101.612614 -102.235100 -102.261523 -103.969181 -101.258947 -97.952404 -101.292617 -100.435548 -97.753824 -100.987329 
-96.517521 -103.499314 -96.451521 -100.963076 -103.635602 -102.897343 -97.392175 -102.303788 -96.580048 -102.714878 -100.802053 -103.983817 
-103.153000 -104.695119 -99.594421 -102.656557 -99.141318 -102.173612 -101.674629 -104.274227 
-96.717495 -104.845466 -105.042199 -97.811431 -98.124379 -99.979963 -98.852450 -100.468777 
-97.985839 -101.932871 -101.423035 -102.324285 -99.008953 -97.100003 -102.416005 -100.137728 -98.042454 -101.999045 -101.876575 
-101.210077 -98.486372 -98.552055 -97.689826 -99.982171 -102.045615 -103.856138 -98.235783 -96.779459 -104.427989 -98.752585 
-102.453794 -96.816257 -100.816834 -98.502549 -104.320605 -101.791016 -105.108636 -100.289913 -100.920375 -97.749708 -102.040621 -98.453099 -101.269114 -102.457783 -96.690926 -100.826548 
-97.288949 -97.219766 -101.289614 -101.408650 -99.054780 -97.416720 -100.442298 -98.444981 -98.601928 -105.130687 -101.384380 -101.292294 -96.476276 -100.295566 -103.025189 -104.423014 -98.060877 -99.355446 -97.260744 -97.684096 
-100.918010 -99.142595 -99.188746 -102.239890 -98.439880 -101.026814 -101.543542 -98.563956 -97.020659 -102.820032 -103.941296 -100.067297 -97.615683 -103.710304 -97.697051 -102.543082 -101.094123 -100.987714 -98.231722 -103.269071 
-97.779176 -97.047199 -101.543060 -103.367327 -99.704024 -98.011401 -97.035383 -100.271756 -102.257809 -102.812262 -103.794907 -97.366699 -102.851604 -101.058959 
-101.691313 -97.613750 -102.205806 -97.247059 -101.323587 -97.675707 -99.173191 -100.052579 -101.587795 -98.683207 -97.324104 
-104.911016 -103.248062 -101.713138 -96.766828 -98.945657 -98.524326 -98.340912 -96.379962 -97.138386 -102.097788 -99.016556 -103.249816 -99.259739 -101.636911 -99.401122 -96.755663 -99.185679 -96.466902 
-98.705086 -100.257936 -102.902878 -97.316679 -96.444167 -101.637315 -98.004830 -97.122345 -99.271224 -101.062285 -102.792451 -99.668271 
-101.990902 -103.332628 -101.489427 -102.192700 -103.358977 -103.147471 -102.007786 -100.176274 -97.115016 -101.339132 -97.302460 -97.274899 -103.808626 -101.350472 -103.327674 -101.686241 -104.357546 -96.187547 -98.600232 -103.212154 -100.417958 -97.478569 -103.221182 -101.200169 -104.051373 
-101.683211 -102.120251 -100.694905 -99.801565 -104.448798 -101.572655 -102.699090 -99.688161 -97.728704 -99.042745 -103.675069 -103.143747 -98.996408 -99.977392 -101.047017 -101.670013 -98.236805 -102.615327 -99.746289 -104.256539 -104.991070 -101.034701 -99.124893 -103.035949 -103.645829 -98.954314 -98.296750 -103.854429 -102.885115 -99.196527 
-100.161629 -103.859894 -103.825541 -97.370048 -101.845077 -102.716084 -104.434120 -100.197866 -99.546294 -101.132196 -98.995515 -104.604861 -103.609896 -103.505800 -97.870100 
-101.099717 -101.643252 -97.477763 -100.051496 -102.718723 -103.830824 -101.829067 -104.497739 -100.092036 -98.423344 -105.166242 -99.244896 -98.636096 -97.895007 -100.239382 -102.867311 -104.569635 -98.170397 -105.590082 -99.138295 -103.912022 -103.027281 -97.591756 -101.147799 -96.438082 -103.786135 -101.232338 -102.813437 -97.435964 
-96.339629 -99.828712 -104.053487 -103.807511 -104.211598 -97.889734 -104.043458 -99.715767 -97.715750 -104.311340 -99.321123 -105.472354 -104.194363 -96.360230 
-98.809292 -102.573231 -100.950884 -97.813361 -102.602539 -97.825674 -103.049067 -98.336822 -96.479674 -97.818802 -101.492753 -102.417414 -103.449500 -105.057891 -101.261199 -104.780509 
-103.141064 -101.602317 -104.767141 -101.191939 -102.083136 
-103.046786 -101.413089 -102.936648 
-102.703611 -101.689172 -103.253309 -96.358575 -102.939132 -101.924532 -98.519843 -100.220949 -97.840183 -97.901801 -103.223964 -100.594238 -99.027796 -98.684359 -98.813827 -98.766331 -101.455644 -100.311024 
-98.434359 -102.959321 -102.007724 -97.119843 -96.876620 -100.616157 -97.824709 -100.111039 -102.297037 -99.257049 -98.090079 -100.980641 -97.996996 -97.763046 -101.121548 -97.236824 -100.565522 -100.426081 -96.896477 -98.286396 
-101.408205 -103.220681 -99.315876 -98.460304 -97.758028 -102.681669 -97.891473 -102.306074 -102.576145 -100.449758 -103.557414 -99.211600 -97.900162 -97.587645 -99.844845 -105.015420 -104.242455 -102.959044 -97.710588 -102.192912 
-98.914928 -100.231081 -97.102863 -104.963035 -97.861809 -104.555264 -101.389526 -98.203219 -102.760046 -102.158665 -101.499981 -105.243155 -98.052230 
-103.297508 -103.849397 -101.536576 -102.848894 -100.060790 -102.150082 -99.014626 -98.654805 -100.664551 -98.061558 -102.387883 -97.915774 
-96.884009 -103.313752 -98.423115 -98.264469 -97.459704 -101.271066 -99.175353 -103.191529 
-101.532631 -104.043449 -102.493051 -102.418935 -99.697447 -100.923462 -103.660839 -96.688628 -104.562395 -101.338642 -96.934253 -96.707848 -96.566639 
-101.451593 -103.625613 -101.618539 -96.848212 -99.535577 -102.159001 -99.407121 -100.918966 
-101.931040 -100.636618 -96.743385 -98.842895 -98.730845 -98.706404 -96.960087 -102.836067 -97.825554 -97.889459 -98.833355 -102.540530 -98.182558 -101.327490 -97.153929 -103.657209 -99.585131 -103.313659 -105.062439 -103.245740 -103.015123 
-97.952648 -104.408155 -96.512116 -101.830459 -98.702852 -104.050827 -98.914067 -97.896288 -103.627922 -101.769929 -101.532237 -104.484788 -99.172584 -96.624902 -102.054425 -97.414511 -103.158335 -97.565305 -96.866020 -98.838045 -98.184101 -100.979243 
-102.694807 -97.711382 -100.824782 -98.166260 -98.528251 -101.440588 -98.986249 -105.030892 -99.695095 -98.203801 -102.999951 -100.851325 -103.539352 -99.799916 -101.939942 -96.720544 -102.210029 -99.274479 -96.419264 -102.577069 -101.614357 -97.564774 -98.896628 -103.493761 -100.317735 
-101.413271 -98.734334 -98.369416 -96.272374 -101.305711 -104.756197 -103.334483 -104.433962 -97.725155 -101.162926 -100.909239 -100.342193 -104.634816 -104.044666 -100.064673 
-104.261897 -100.033582 -99.929756 -102.586567 -99.174702 -96.814561 -100.343585 -98.292763 -103.535954 -98.283434 -101.942434 -98.688179 -96.878856 
-97.866242 -103.943838 -102.394241 -101.620411 -102.983269 -97.567733 -97.530315 
-98.898135 -100.433726 -104.159267 -96.722280 -100.926338 -97.378882 -100.752690 -99.991029 -97.790439 -104.079668 -96.904953 
