18.839728 19.215656 19.093828 18.843073 20.197004 18.668475 20.432381 20.254366 19.102866 20.333886 18.501065 20.104138 18.620451 19.775468 18.830885 19.393823 19.571095 19.509881 18.737225 18.968269 18.968347 20.527058 19.704512 19.919825 20.340397 20.245716 20.052490 18.606712 20.610468 20.375797 18.319454 
19.509550 19.313798 18.580183 18.667411 19.869947 19.011832 20.530745 19.439668 20.385978 20.253629 19.325684 19.580379 19.112890 20.057829 20.410497 18.601040 20.074004 19.470409 
19.542406 20.088742 19.054736 19.211244 20.587730 20.220966 19.033411 18.992388 
19.439810 18.694441 18.907707 19.187500 19.286090 20.626550 18.606537 20.371967 18.479505 19.523557 18.818281 20.118730 19.152920 19.522209 19.313199 19.974006 18.963622 19.188999 18.867980 
18.569781 19.008788 18.646475 19.152205 19.047486 18.426766 20.560898 20.384553 18.677504 19.673351 18.792161 20.606619 19.810087 19.440198 18.717481 19.486763 18.765910 
18.830307 19.559514 18.330045 19.337161 19.224476 20.573328 20.203563 
19.585141 19.616708 18.932684 18.469200 19.959170 20.133692 18.601716 20.355513 18.709260 20.052624 18.491579 19.775615 19.391672 19.343225 19.555010 
18.619294 19.206938 18.389912 18.436978 20.334902 
18.930020 19.801167 20.196296 19.293395 18.381257 19.493924 18.380809 18.385404 
19.576288 20.313365 18.562628 18.841677 18.528669 19.922703 18.428853 19.498501 19.749522 20.294997 18.946208 20.110335 20.321696 19.193694 19.625367 
19.833166 20.308275 19.259177 19.574900 18.436769 19.078701 18.375782 19.913160 19.097867 19.682723 19.792689 20.635065 19.117178 20.263643 20.640811 20.475715 18.705260 19.834138 20.141583 19.922753 18.492071 19.998028 18.505959 20.275570 20.223628 19.513623 20.033716 20.292006 20.380009 
18.611752 19.642438 19.603480 20.419297 19.667121 19.872022 20.372185 19.610253 20.422973 19.021407 19.678824 20.482374 19.021581 20.413975 18.808032 18.324954 20.231964 
20.092256 19.016694 20.388971 18.381854 19.931636 18.402656 19.109036 20.652103 18.802799 20.160220 18.485342 19.768992 19.061972 18.846062 19.617282 20.586950 19.577152 20.006142 18.728382 19.090118 19.070744 19.200125 20.078586 19.666119 20.456709 18.821838 19.118956 18.679815 20.372693 
19.660553 19.363897 19.193904 19.121157 18.423666 19.732454 18.956691 18.401809 19.176471 18.404889 19.739623 18.736800 20.007827 19.769203 19.090130 18.759207 18.847927 18.676728 20.156961 18.947943 20.065598 19.753035 19.362112 18.419576 18.755191 19.254427 18.832036 19.885343 18.665819 20.124767 19.015546 19.702841 18.470780 
19.533753 19.781256 18.511488 18.608618 20.303360 19.601528 18.466284 19.987849 19.836735 20.152000 20.140032 18.404220 18.827530 18.897301 20.225507 20.008000 18.981265 19.267151 18.477878 20.476579 
19.793399 19.355315 19.279763 20.455711 19.116828 19.787432 20.232707 18.353280 18.631587 18.526552 18.906804 20.284646 19.240094 18.788815 19.803247 18.370316 19.192558 20.004392 19.234937 20.145490 
19.906456 18.737646 20.043258 19.949664 18.506265 18.752502 19.895956 20.210871 19.936466 19.240412 18.785845 19.021221 18.622261 18.993334 19.665244 18.897278 19.392206 19.795549 19.239731 19.492598 19.510490 18.409476 19.084839 20.013969 
18.548361 19.041307 18.569267 18.479881 19.711651 19.596186 19.455659 19.719446 19.052813 19.820345 19.890587 18.637326 19.528050 18.505161 19.754251 19.915140 19.982281 19.434408 20.115511 19.269991 20.500316 18.438266 19.862303 
19.876122 18.339186 20.399308 18.655902 20.108106 19.526829 19.601581 19.427539 19.357418 18.771456 20.588335 19.184094 18.745728 18.352818 20.525011 18.593627 18.316323 20.213028 
20.002681 19.019167 20.461754 20.079235 20.309267 20.209162 19.100806 18.742849 18.835727 19.679884 19.111070 18.888531 20.622319 19.266424 20.498531 20.266897 20.208899 18.365563 18.768017 19.510549 
18.838487 19.125680 19.808588 18.988720 19.149960 18.350082 19.377781 19.096321 19.602523 20.130456 20.109206 18.645407 18.889106 19.885352 19.768115 20.067141 19.552368 19.829818 19.495437 
19.269151 19.597826 20.446774 19.686806 20.297697 20.109770 19.621599 20.266758 18.684590 19.537852 19.758575 18.998077 
19.289732 18.721604 18.903510 20.157233 19.427358 19.862973 18.454558 20.388507 19.035211 20.363740 19.191657 18.909954 18.521212 18.853977 19.815134 
19.939878 19.205337 20.367494 20.327031 
19.066731 19.914087 20.221705 20.295547 19.865712 
19.367600 19.145908 18.473685 20.237357 20.312337 19.286256 20.613228 19.069109 20.573123 20.151214 18.832564 20.265863 19.105030 19.481259 19.994326 18.974723 19.039679 18.381679 20.471208 19.688491 19.487388 19.172907 19.312208 19.654117 19.042931 20.458728 19.900746 
19.586148 19.698201 19.306203 18.995312 19.074726 20.372712 19.291048 19.569092 19.072917 19.179593 20.073939 19.356617 19.384557 19.061181 18.856375 18.891574 18.876741 19.898966 19.840491 20.018335 19.529164 20.016836 19.446222 18.553258 18.550867 
19.244522 20.517660 18.757115 19.047143 18.391584 19.557486 19.379487 20.186072 18.701278 18.673557 19.076512 19.935008 18.423006 20.354721 18.743986 19.557679 18.619298 20.121864 18.769024 
20.293093 20.269656 20.490272 20.369510 19.664688 19.274311 20.503590 18.612450 18.906502 19.472317 18.884932 20.248265 19.824868 18.464480 19.191192 19.798368 19.185474 20.388393 20.001489 20.382188 19.300667 18.813020 18.371188 18.601327 18.436670 20.469082 20.135834 19.943059 
20.330485 19.406885 19.822000 20.319766 18.534021 20.061141 19.567614 19.340370 19.342822 18.340222 19.232178 20.505342 18.882315 18.822444 20.017621 18.383300 20.485156 19.822968 19.226431 18.364197 19.538153 19.488089 19.704681 20.439340 19.823780 18.760723 20.125959 19.357002 19.077525 19.579763 19.024497 19.710625 
19.907232 19.698578 19.234710 18.641220 19.321134 18.413468 20.540730 
20.054172 19.817575 18.845001 19.945292 20.587986 18.340858 19.775866 20.252299 18.544991 
19.634332 19.405779 19.113140 18.743103 18.479395 20.584907 19.466649 19.415617 20.038846 19.479660 20.383818 18.980858 20.225614 19.158571 20.350440 20.394048 
19.122833 18.821323 20.503027 19.628574 19.574125 20.466926 19.628722 19.001712 18.571942 19.478718 18.427326 20.568547 19.345621 20.006855 20.021939 20.438094 18.551952 20.580825 20.044312 
18.678096 19.509606 19.039953 20.620597 18.814598 19.269224 19.804705 20.409169 20.446698 19.132066 20.119816 20.208293 20.458859 20.176914 18.542875 19.734304 18.737432 18.598384 20.572784 19.586836 20.052527 19.236806 18.398237 20.435587 
18.904310 18.385091 20.462509 18.360931 18.689735 19.865132 18.751925 19.730115 19.867038 18.574558 18.404516 19.359304 19.016976 18.436262 19.936007 19.645491 18.928918 20.255238 19.693788 19.090699 20.002376 20.633437 18.691049 19.018958 18.644456 19.481856 19.505050 18.840063 19.873821 19.460946 19.211565 19.361288 19.360426 20.278075 19.040777 19.779256 19.790070 19.855975 
19.111021 18.664166 20.428432 20.004799 19.799891 18.394038 19.948173 19.820670 19.528926 19.033302 18.391895 19.718406 19.552919 20.589223 19.011108 19.864996 19.996097 18.991994 19.454716 19.832249 18.518245 18.490167 19.838764 19.021116 19.046262 
18.539233 19.917012 19.169330 20.216597 20.197315 20.312008 18.508914 19.468053 19.416664 19.457969 18.657370 20.009457 19.848836 20.346869 18.724961 18.440412 19.793964 19.612865 
20.121124 18.397102 19.377101 19.656266 19.780278 19.623086 19.163481 19.304651 18.415821 19.398427 20.143827 18.703889 20.172869 19.341132 20.350558 19.771408 18.808994 19.951809 18.672069 19.703800 20.151241 20.230216 19.125914 19.845416 20.297159 18.384771 19.683494 18.594073 18.558552 19.345957 18.662189 19.833522 18.543658 18.768208 18.836500 19.004382 18.748227 18.517073 20.321131 18.946216 19.993215 20.266656 
18.329017 20.568483 20.601986 18.772021 19.254300 19.688467 18.903610 19.396573 19.030642 19.642062 18.590879 20.228182 19.244066 19.397726 20.540714 19.044634 20.217116 18.809948 19.512967 20.121288 20.008475 
19.563892 19.671604 19.659712 20.117684 19.317204 20.192907 20.279719 19.787599 18.669830 19.764561 19.345235 20.458293 19.412668 18.887570 
20.299530 19.030978 18.567361 18.754786 20.041672 20.475229 19.846975 19.991612 19.385814 19.660413 18.371622 19.062487 18.522756 20.539860 18.400881 19.960366 20.136144 20.411777 20.577477 18.939425 19.145423 18.501665 20.404038 20.517257 20.215712 20.472728 19.321018 19.575167 19.465388 20.615930 20.564623 18.872537 20.375749 19.416909 19.802862 20.553917 19.986454 18.724398 19.067233 
20.280335 20.278489 18.379223 19.911040 19.889019 19.683919 19.592775 18.349817 20.585181 20.614354 19.387350 20.053411 18.843577 20.086830 19.617845 19.531008 19.745846 20.410798 19.985470 
19.657386 19.097959 18.629672 19.320495 18.832953 18.731059 19.675371 19.661928 19.422819 20.105163 19.225582 18.704253 18.714786 18.793094 19.088803 20.533529 19.161099 19.415063 19.076578 20.533235 
19.310748 18.730109 20.481275 20.277820 19.617422 19.236946 20.076909 19.231001 18.512886 18.484704 19.002687 20.605166 20.462235 18.926861 20.220061 19.927238 18.471939 19.781537 19.961824 
19.903090 18.760125 20.303073 18.857534 18.900586 19.645147 19.859247 19.421059 19.550956 19.778599 19.535742 18.987904 19.798859 18.898847 19.390104 20.616871 20.310340 20.478894 20.328722 
20.358114 20.370976 18.381058 18.956644 19.454737 19.647008 19.382029 18.914118 19.881305 20.312656 18.808124 20.079437 19.960041 19.711261 20.220331 18.840521 19.290113 19.457111 18.727887 19.330135 19.224005 19.744658 19.720609 19.342180 19.747993 19.520982 20.031783 20.305571 20.064846 
18.863396 19.421078 20.446771 19.284083 20.118738 20.383456 20.093777 20.243206 18.388012 18.403827 19.269883 18.608011 18.985043 18.914747 20.191462 19.605568 20.094627 20.109648 18.800845 19.112200 20.294102 
18.587729 19.730355 19.393114 20.633191 20.212337 19.473839 19.583735 19.307740 19.516192 20.100555 20.176010 19.185651 20.117158 18.694449 20.019375 20.175874 18.742558 20.215769 18.355783 20.211143 18.778567 20.336540 20.414037 19.760767 19.584735 20.230615 20.198326 20.598236 18.417717 
18.594493 20.618591 20.189216 19.517746 20.581704 20.028451 19.655409 
20.135538 20.115030 19.143128 18.481776 18.621091 18.620852 20.240660 
18.342344 19.830750 19.735025 19.269164 19.316715 20.170012 18.774044 18.426930 20.601603 20.040686 19.760221 18.708176 20.278160 19.664222 20.231404 20.420924 19.636574 19.868206 
20.285593 20.108229 18.507971 18.869068 19.334724 19.993866 20.098779 19.229845 19.814391 19.957007 20.108489 19.693972 18.552808 18.746070 20.429302 20.193363 19.330999 20.637728 20.326176 19.585391 19.025090 20.296021 19.140165 20.211743 19.209306 19.966224 
20.421872 19.118238 19.551902 18.798479 19.345435 18.529114 19.485553 18.788461 18.450249 20.054262 18.777965 20.265217 20.239628 18.409652 19.773187 19.887014 19.116019 
20.013340 19.593586 19.636870 18.981549 20.434270 20.021942 19.200447 18.784116 20.077719 18.450051 19.080479 18.322087 19.730768 20.315973 19.641510 19.989714 19.611423 18.548097 19.760231 19.170038 20.465312 20.441056 19.769475 19.180443 18.394743 19.836298 19.806756 19.253419 20.110697 19.154295 19.064603 19.660845 18.988248 18.886943 19.507045 19.658709 18.612703 18.353843 
20.592538 18.804436 19.046125 19.915961 19.475166 19.901565 20.047365 19.540265 18.421533 20.516521 19.941375 19.965764 19.346083 19.467795 19.964838 20.408843 18.431283 18.591990 19.181613 19.694563 19.905280 20.490306 19.674079 18.473022 20.020855 19.834984 20.164815 20.125617 20.348769 18.836529 19.173007 20.612534 20.020126 18.583745 
19.440011 20.074803 20.056396 20.088342 18.388102 18.443611 19.796346 19.799572 19.773345 20.129673 20.015636 18.547384 18.747589 18.553239 19.925498 20.410861 19.114312 20.398670 18.488272 19.217299 20.275455 18.995790 
19.219311 18.378420 19.942024 18.684354 19.413590 19.084933 18.630809 19.260680 19.765644 19.629922 18.810963 20.598595 19.298680 20.504929 19.587005 20.086616 19.475653 19.864328 20.231957 20.512578 20.189758 
18.420351 20.344911 20.399450 19.896133 18.662989 18.558209 19.363524 20.508298 20.624971 20.325299 18.981537 19.950512 
20.254197 20.471961 20.427415 19.989392 19.631126 20.515629 19.256501 19.146152 18.383148 20.533613 20.376278 20.401957 19.123343 19.779478 18.585160 18.801655 20.330185 19.763345 20.149322 19.524589 20.341973 20.028002 
19.899674 19.685980 20.346597 18.551988 18.379011 20.637643 18.733339 18.748305 20.416449 19.871833 19.171557 19.266851 20.488819 19.321719 19.914328 19.261121 19.280295 19.751281 19.612956 20.378271 
18.944146 19.515800 18.653076 19.307191 19.073857 18.351012 20.602117 18.844303 20.247071 19.844681 20.475950 20.356380 
18.623796 18.766994 20.239540 20.050734 20.145847 19.581804 19.159624 19.709523 20.289821 20.195548 19.641062 19.187391 18.700278 20.250963 20.371711 18.609274 
19.490692 20.293390 19.191746 18.634143 20.556767 20.359879 19.500042 19.662202 20.011476 20.384440 18.874924 19.656403 20.276422 19.690978 19.710581 18.568472 19.685042 18.487250 18.717922 20.276260 19.254514 19.073441 19.277662 20.060890 19.357842 19.291343 19.362221 19.831334 19.142012 19.325869 18.814980 18.868061 20.169949 19.231652 19.179122 
18.422617 19.212199 18.993051 19.712022 20.047590 20.536655 20.616924 20.165923 18.644833 19.617953 20.292483 19.057645 19.255427 20.195311 18.738814 19.564356 19.799627 20.122339 19.630822 18.491504 19.054106 20.376692 20.174609 
20.212896 18.683350 19.528304 19.107844 18.969053 20.167954 19.505891 20.343257 19.197948 19.657592 18.767945 20.064306 18.370285 18.833234 20.159836 18.631606 19.089912 
19.652635 19.423046 19.681331 18.765605 19.063111 20.599726 19.142591 20.396008 19.834750 19.381170 18.961003 18.832794 18.756877 18.959959 19.385987 20.005877 19.614060 19.170364 18.638749 19.792780 20.072576 18.408677 19.737633 20.097818 18.819880 20.246475 19.160877 18.415505 18.815556 20.315373 20.232278 18.983429 19.465819 18.770505 18.427835 19.721001 18.659294 
18.426792 19.265450 19.268233 20.639723 20.116925 19.287984 20.546297 18.565911 20.378138 20.023265 19.730551 19.758064 20.223036 19.375515 19.188491 19.285843 18.688601 
20.000010 18.906302 18.932246 20.002881 20.599552 19.182607 20.261137 19.092484 20.304168 18.463662 20.412636 19.330052 18.796902 20.367663 20.023937 19.203618 
20.148639 19.504059 19.274845 19.293171 18.950760 20.445805 19.586238 18.546001 19.300910 18.770565 19.660235 18.777551 19.793097 18.899833 20.035758 19.570724 18.688403 19.421005 18.747624 19.644836 18.634726 
19.212345 19.516313 19.284405 19.924196 19.224755 18.992053 19.847222 18.662526 18.966695 19.795479 20.506148 19.335824 20.517546 19.228127 19.684399 19.130237 18.727639 19.098549 18.778419 18.785308 
20.089867 19.875488 18.556195 19.416045 19.276153 19.772618 20.011317 19.075741 20.118721 19.881167 19.888583 19.740301 19.607214 19.447445 19.653815 18.403262 20.226210 18.811511 20.514744 19.916579 18.989120 19.589078 19.957435 19.747420 18.914641 20.301416 20.321573 19.321281 20.509720 19.002058 19.778767 19.059172 19.225002 18.461261 18.511021 20.429040 19.824247 20.150430 19.931520 18.746681 
19.051220 19.618132 18.737665 20.139151 20.052591 18.923177 19.556479 19.927796 20.157111 19.215971 18.473735 20.292243 20.040520 19.561724 18.777708 19.068196 19.390454 18.684118 18.549708 
20.114732 20.253259 19.896184 20.322243 18.899787 19.681481 20.145774 20.369934 20.138762 20.220096 20.383896 19.146476 20.277438 18.503627 18.770075 19.079120 20.322390 20.631040 19.795264 20.244123 20.418001 20.283833 19.790469 18.507611 20.218275 18.430551 
20.612374 19.892229 19.577059 19.676709 19.041596 19.749432 18.743882 20.344813 19.915360 19.908786 20.203710 19.717230 20.427607 20.500786 18.445489 18.870317 19.103877 19.945489 18.596434 20.216277 19.364726 18.592482 19.017891 18.561226 
18.612097 18.954413 18.571802 20.312443 20.466057 20.022594 18.990099 19.593586 20.188593 18.932060 19.674928 20.383887 19.574315 18.487813 20.561278 20.228924 19.316156 18.591964 19.361728 19.652080 19.748258 18.740374 
18.471112 18.863317 18.338102 18.328991 20.436059 19.883429 18.648206 20.294127 20.018322 19.556057 19.623916 19.194615 19.417321 19.338842 19.645908 18.402023 18.468180 19.763341 19.126254 19.793596 19.290246 18.658801 18.357666 18.864748 19.264194 19.168641 20.418206 19.280961 
19.489799 20.075557 19.917156 18.771272 18.943824 19.567890 18.789597 19.895468 20.163224 20.242198 19.551574 19.738956 19.324058 19.973291 18.919847 18.352279 19.014503 19.743987 19.097786 20.486885 20.519157 18.456662 20.140725 18.943971 20.192248 18.655926 20.176112 20.161196 19.541991 18.716715 18.405538 18.601455 19.900976 19.220921 
20.148907 20.372490 20.391240 19.329527 19.116154 19.664326 19.226191 19.097747 19.448974 20.138329 19.857673 20.309288 18.780691 19.504432 18.807205 20.300690 19.867474 19.164710 20.287135 19.149023 
18.621667 19.057650 18.643238 20.484573 20.059471 19.370044 19.635870 19.698592 18.600964 19.779943 18.372352 20.153174 19.098859 18.699067 18.722546 20.081848 19.500084 
20.013248 19.159655 19.123474 19.105413 18.779819 20.372369 19.622673 19.622273 19.658735 18.715099 19.117240 19.382200 20.423773 19.275162 18.887634 19.317743 20.597465 18.817648 20.579153 20.556459 19.897087 
19.931742 19.053215 19.762757 20.463098 19.065894 19.343906 19.788755 20.548975 20.055980 20.001809 20.091953 19.748280 18.462951 19.131508 20.608240 19.494174 19.319826 19.730383 19.387429 19.091631 19.809814 19.204870 20.488745 20.345709 19.545507 18.972949 19.152612 19.805807 20.252441 18.427322 19.129073 
19.378060 18.367938 19.742158 19.751496 19.318612 18.748493 19.944428 19.210142 18.845820 19.331495 18.953560 20.036954 19.756431 19.082295 19.760996 19.869547 19.787223 19.168084 19.301534 18.764802 19.103247 19.575219 20.208999 20.411931 19.485162 18.353738 18.690898 18.863234 19.887011 20.515525 19.495123 19.486778 
20.284570 18.605289 20.142625 20.206138 19.736021 20.127546 20.399034 20.485444 18.801223 19.992563 18.898864 18.367724 19.772342 20.559089 19.675957 20.064768 
18.675168 18.940943 20.111284 18.629841 19.587605 20.361966 19.033142 19.236649 19.904710 18.945420 19.169608 20.260510 18.544693 20.490097 18.804891 19.313826 20.124696 19.774742 19.545046 19.008385 18.577986 19.117985 
19.518860 20.094646 19.284288 18.945563 19.355116 18.553132 19.274014 19.453191 19.491281 20.492579 18.615495 20.390626 20.175828 18.597984 19.021651 20.131602 20.384037 19.475534 20.197632 19.311456 18.558574 18.825315 18.494862 19.550008 18.814352 18.562181 20.418224 18.490441 
20.561280 18.438456 18.629240 20.157473 18.848802 19.055624 19.103321 20.339822 19.073924 20.399334 18.343925 18.932988 19.093687 20.138406 20.353002 18.346109 18.760787 19.583862 
19.817492 19.291690 20.362716 20.229148 20.260111 18.421971 20.624141 20.065965 19.206131 20.166365 19.255583 18.885957 20.039495 20.487429 18.974062 18.833398 18.658430 19.016571 19.120438 19.241123 20.426363 20.046350 20.515367 19.531707 19.261855 19.090066 18.807604 20.141171 19.223522 18.939990 20.604678 18.771014 19.949992 18.941478 20.147829 
19.052285 20.419246 18.710457 19.001736 18.762410 19.801787 19.320407 20.260035 18.721753 19.529495 19.193249 19.059098 19.487442 18.964750 19.081837 19.985967 18.986791 18.455578 19.324868 19.120772 20.016936 19.817891 20.634414 20.046572 18.778506 19.437709 20.422190 20.609977 19.052562 18.950505 18.925393 18.371023 18.434203 18.571437 19.921095 18.533571 18.766771 18.618023 
19.836308 19.155568 19.542863 20.023816 20.267057 19.340723 19.794314 18.782076 19.800568 19.181492 18.551383 18.903476 19.055182 19.527678 20.266393 20.416444 18.528236 20.206606 20.081650 19.136492 18.962196 18.459251 19.533623 19.984023 19.267137 20.088894 19.220397 18.605102 20.102916 19.764622 20.571590 18.427491 18.807777 18.907538 
19.739388 19.258925 20.131337 18.506427 18.580180 20.453074 18.446303 20.649318 19.135705 18.810241 19.369333 19.498480 19.084916 18.742142 
20.411827 19.902608 20.546177 20.619410 18.470618 20.367840 19.228823 18.368777 20.370245 20.601889 19.351837 18.805367 20.315842 19.316687 
18.656183 18.777834 19.839214 20.386307 19.743862 19.484145 18.479656 18.468927 18.779553 20.147585 18.938627 18.442684 20.113850 20.618397 19.750404 19.316327 19.604546 
20.111652 18.387250 20.559646 19.182076 19.623935 19.840915 18.430123 19.061677 20.600584 19.480470 20.167213 19.551432 19.894489 18.875172 19.989974 19.734745 18.399049 
19.183150 18.460182 19.538178 18.961384 19.172920 19.880277 20.098066 20.060722 19.794644 19.103760 20.596433 19.181346 19.853444 18.882408 20.160824 19.482426 18.366761 20.321638 19.655634 20.138130 19.700729 19.303421 18.838250 18.880956 
20.061444 19.576882 20.617540 19.316678 20.201756 20.427855 19.552724 18.630380 18.446388 19.016631 20.488149 18.747426 20.181226 18.899658 18.587549 19.430674 18.910956 
18.622006 19.745320 19.697171 19.396569 19.796454 20.223782 18.823800 19.487203 19.003978 19.439318 20.548487 18.653073 20.346837 20.168138 20.020486 19.188671 18.881276 19.667102 18.924651 19.669103 18.523506 19.311286 19.530651 19.743588 20.249059 20.055778 18.741766 20.138146 19.588021 20.584279 20.140777 20.293832 20.615263 19.649881 19.485127 19.488111 20.609201 20.448751 18.741642 19.079025 18.806869 19.219237 18.381983 20.359253 18.861225 
19.333051 20.410753 20.531929 20.305653 18.695013 19.503123 19.827331 20.342574 18.700554 20.202545 19.804857 19.845524 18.778532 20.083198 19.818742 19.321602 18.864700 19.396594 19.068927 19.962184 18.408410 
19.940204 19.296645 18.417662 19.829661 19.987692 19.907399 19.705329 20.531796 18.638072 19.769408 
18.893831 19.296080 20.454057 20.277668 18.517834 20.251924 20.270126 19.523106 18.769562 19.608963 19.971954 19.937490 18.729331 20.006573 20.028063 18.891332 19.431712 18.895095 18.467089 18.425473 
