   0.146824 1328.419382
   0.149269 1344.175176
   0.162575 1270.949589
   0.164583 1393.132693
   0.147191 1469.281622
   0.151172 1428.017446
   0.143146 1479.286868
   0.149505 1333.618915
   0.158817 1319.683301
   0.163003 1414.808368
   0.161287 1493.026096
   0.166442 1381.992887
   0.157993 1250.358672
   0.140806 1552.827441
   0.130543 1379.233478
   0.133634 1491.528169
   0.138108 1416.384130
   0.140513 1566.179700
   0.140346 1478.222042
   0.153082 1376.008702
   0.162548 1411.331400
   0.160949 1428.241244
   0.164103 1535.435554
   0.163901 1242.249073
   0.160397 1314.301808
   0.147575 1370.262217
   0.135728 1433.469446
   0.134321 1481.207015
   0.136720 1327.206577
   0.139403 1390.826865
   0.136192 1374.740051
   0.133721 1499.171933
   0.127922 1513.595711
   0.128423 1379.310217
   0.140770 1457.336193
   0.155831 1479.307581
   0.161726 1548.924958
   0.165234 1360.854377
   0.155625 1443.850215
   0.160144 1305.603872
   0.157184 1363.829839
   0.155468 1605.144786
   0.154358 1408.714837
   0.162670 1508.514512
   0.158180 1377.875760
   0.157344 1496.761868
   0.154518 1302.705967
   0.153770 1424.718914
   0.157111 1409.088063
   0.162286 1547.705572
   0.162998 1513.552713
   0.163713 1418.691084
   0.161573 1402.345993
   0.152516 1479.489000
   0.163768 1288.940166
   0.166882 1318.850635
   0.171405 1360.049082
   0.166213 1399.531295
   0.167098 1540.194337
   0.169017 1425.938761
   0.167260 1374.572475
   0.166177 1482.055192
   0.136214 1313.330461
   0.135476 1527.804799
   0.127965 1320.736136
   0.127721 1401.091073
   0.136838 1506.134832
   0.134896 1313.542094
   0.138374 1284.532991
   0.143398 1394.246757
   0.135928 1404.384317
   0.135206 1544.500387
   0.148543 1474.621913
   0.174730 1448.523383
   0.174979 1467.288449
   0.171406 1604.724919
   0.166452 1549.264929
   0.158201 1335.623992
   0.147373 1374.820466
   0.147136 1561.366923
   0.141622 1414.185394
   0.146142 1503.045559
   0.144650 1347.004443
   0.154236 1285.274516
   0.170183 1714.942886
   0.174370 1463.703798
   0.160884 1467.521291
   0.159565 1374.011996
   0.163502 1335.972116
   0.166069 1508.615307
   0.143595 1363.377108
   0.143836 1296.243989
   0.145269 1400.536108
   0.140650 1407.902442
   0.139926 1498.125769
   0.136809 1393.568796
   0.137063 1460.874143
   0.135723 1460.724509
   0.144634 1342.978112
   0.150271 1556.033676
