8.656629 18.397503 20.802809 2.500673 6.543633 19.668379 5.014562 3.011617 7.112893 4.733636 4.888403 1.338603 1.227326 17.849981 9.883683 11.319035 3.142689 0.722504 2.981586 37.657225 7.713573 14.767920 0.860001 13.447934 0.517555 20.926005 115.907546 13.877769 1.170272 1.193801 2.694340 
3.403612 10.352479 1.646993 0.230701 3.242164 21.234413 5.810759 2.329398 8.930497 2.676328 2.106542 15.139657 8.555996 236.004860 101.252960 17.053933 12.957447 5.504828 
9.633236 23.477912 31.569784 6.021039 2.849361 0.325756 7.074538 1.593535 
3.552105 0.725115 6.635862 8.272425 20.010800 7.330381 0.709717 29.476068 2.454809 5.751823 2.312797 1.053879 1.925469 1.505192 0.454194 23.473109 5.479221 159.239933 11.647562 
75.577558 12.164041 5.199790 4.467294 1.878422 2.535923 0.353014 5.199551 0.459911 0.222593 0.339612 72.389334 0.590317 8.842857 0.997999 8.946516 150.461755 
0.512023 14.280558 5.831357 3.666414 0.173325 3.498550 0.015135 
1.100758 0.066423 6.275423 4.592224 11.251860 78.754658 4.089340 2.720373 0.438358 8.830383 11.372506 3.325551 0.538458 2.927613 0.518499 
11.058971 4.953558 0.477654 3.676670 5.581631 
8.954016 3.707836 2.385655 39.544754 5.259619 6.521877 1.032303 0.187082 
2.457907 1.416561 6.609552 0.631392 5.396011 4.526315 4.038936 19.271673 9.370900 0.763450 7.066000 5.276100 0.837066 6.995484 2.146994 
10.300263 5.314169 0.206830 0.208934 3.014614 13.713835 1.037174 4.303729 1.144219 10.647880 6.408080 2.024279 20.416704 9.898248 13.107576 0.323640 4.408220 0.971479 21.057423 0.137957 4.804015 5.734684 0.251742 47.391649 2.110851 1.670693 0.437116 0.869200 5.496251 
1.231399 31.843722 2.233573 9.970903 73.711519 0.608401 9.931967 5.131448 0.496679 2.379524 43.139576 8.247795 40.024646 16.190834 6.304417 4.535623 1.457530 
2.291451 7.827504 2.061176 78.294359 0.536831 2.561516 12.813572 1.479000 0.648092 1.560322 22.348492 2.940869 52.416573 12.156397 13.723623 91.732049 14.502722 12.871285 9.714383 13.751592 2.570681 4.327095 10.580475 4.355725 4.085273 0.971928 3.511842 3.997879 18.527362 
0.783639 0.551484 4.918658 0.723496 24.689834 32.648403 24.976956 4.648661 1.698742 0.496047 32.728221 20.097556 5.551267 2.508569 2.547913 54.334426 2.828697 16.562007 1.090489 73.333128 6.246915 2.433299 14.671576 4.291699 7.921899 0.930179 10.382200 7.881908 1.671279 3.092220 13.867677 3.763339 13.240765 
3.487330 10.026976 9.166200 1.207072 37.910029 43.029764 7.248943 1.749872 20.754405 4.307262 2.515616 13.292336 2.091274 4.206117 1.369557 10.615042 8.195745 4.519642 6.300224 13.802542 
7.662382 1.493858 13.943579 97.940366 1.956690 7.445071 2.251415 0.321489 9.773196 0.327279 1.833053 7.420572 7.125286 3.783461 20.663862 6.788042 2.195990 31.368571 1.713767 32.243757 
0.256235 0.230155 0.536732 1.620390 15.993980 24.304116 11.619493 0.944249 14.074281 10.317031 3.291313 44.508045 12.834820 2.589928 3.071045 16.726782 10.541683 6.677720 1.477584 4.086063 14.801177 1.498810 3.550344 1.377543 
1.309063 0.336146 9.017400 3.122814 3.735573 5.947431 8.538708 0.073614 2.718434 2.811340 0.924125 2.843668 16.961602 0.601668 12.410321 18.186473 0.804268 14.476877 1.398659 23.333586 3.972645 2.817800 0.891118 
5.230776 0.076882 1.603172 14.810964 0.050552 1.539345 24.767211 6.237051 0.242817 3.921424 0.211205 9.103756 5.599244 7.668677 0.273514 0.080378 0.082583 124.991810 
2.851439 11.649188 1.812270 0.310489 1.685856 0.757606 0.135448 1.358927 6.339107 4.796455 4.113769 8.312000 11.509028 10.791634 1.712194 1.736426 3.816492 4.408237 5.975084 9.985048 
0.072989 115.003664 43.809091 3.169026 4.136242 12.233978 6.851841 304.405963 0.377823 1.722078 0.345889 9.915048 2.688819 10.489656 32.984861 30.723881 6.021095 4.761817 6.763771 
6.136261 7.583572 0.800069 2.405663 0.520800 2.051211 31.678905 14.190850 7.646895 2.537131 20.122780 1.759566 
104.418697 96.891038 17.969684 0.510625 3.619603 15.060375 1.147666 3.252499 3.581830 28.542034 8.253137 8.697790 16.468857 4.170925 3.960721 
5.070851 11.074609 15.854211 4.026581 
5.879576 44.307034 4.736327 139.118362 6.319869 
2.871557 19.336452 0.466047 22.596244 2.186682 1.809716 9.100755 7.755484 8.130457 2.028069 5.678109 0.746367 6.233631 5.882170 1.332693 18.591601 11.120039 5.524784 1.185711 0.522821 2.251380 6.079830 2.241130 0.517964 3.443402 3.461548 2.004200 
12.131078 2.854865 9.445906 12.435733 6.996002 1.413236 3.605319 1.751078 10.792724 0.359856 451.956126 1.216552 6.798260 7.639806 1.031117 31.173309 1.438418 19.896134 4.032533 0.437622 4.811554 39.449955 21.069065 13.945439 11.234192 
10.844531 3.862907 2.711486 5.736041 13.771640 23.845973 2.895501 14.906066 1.507347 23.744939 0.616654 44.047344 6.384069 0.975886 1.309908 4.409125 0.892213 1.102839 3.425796 
10.204648 0.045253 0.694286 0.633907 26.367373 18.315056 18.965088 0.414829 4.204150 11.805948 19.458147 15.283168 8.484374 0.847923 0.854025 0.498444 0.405511 2.029980 0.833865 1.626072 1.864184 0.132726 5.860111 1.754132 2.988964 6.998549 5.482135 4.977150 
0.452239 3.309101 1.985208 12.223962 41.264392 20.476319 4.106673 7.451934 6.488088 4.717238 8.163232 1.941260 8.111081 2.908403 0.302227 2.519858 0.254681 18.040880 1.873539 2.011220 19.238547 5.252110 65.120822 4.595444 5.089475 3.959585 3.767542 4.349226 4.099182 2.569453 3.487302 5.367840 
261.502054 12.561928 6.467936 7.034521 1.998338 2.043652 1.984762 
0.650655 7.270347 3.620956 23.184639 0.289267 5.344474 7.590297 22.451515 1.621973 
2.936661 18.891239 15.611453 0.700377 40.915741 6.458549 2.015454 4.821704 6.963762 5.942021 1.901939 23.568643 5.518283 2.918707 6.110123 12.000455 
3.716407 24.385267 44.486328 1.976719 1.559089 2.937267 17.486026 13.612744 1.805485 6.436699 51.474946 2.923301 1.788495 4.775313 14.251161 11.733470 1.524857 9.015403 8.962801 
0.472637 3.269300 137.453803 0.156164 3.489582 8.874888 50.649183 0.692879 14.520473 8.086499 1.719896 58.742401 0.267135 94.920503 0.112168 4.516171 2.994429 5.561696 0.492365 0.945939 1.630453 138.778399 3.239816 3.592091 
0.349259 35.659679 9.649523 10.334527 7.482824 1.908943 4.997067 2.913830 17.988460 3.006215 18.973567 10.266196 12.134299 2.600803 2.600048 12.041157 45.912621 7.653811 9.543931 3.474307 3.178862 1.658968 0.908145 2.170863 16.377979 4.863113 17.765630 6.060461 0.963768 2.519986 7.785149 15.100640 6.097017 0.971535 12.963092 15.674375 3.308582 3.242420 
2.749818 3.057269 3.383843 11.649361 9.448118 0.704091 77.272968 4.332109 5.497512 5.955072 7.843918 3.795130 167.153291 0.836300 9.806573 35.251648 10.894426 1.151453 2.952788 60.305088 2.315380 18.691078 6.006870 3.717321 3.965572 
9.542159 19.140763 0.294510 0.475522 2.928834 0.846151 0.655578 11.103929 2.586846 53.829785 13.292273 0.685552 10.393963 63.949374 1.407568 0.151633 452.573319 0.198013 
0.829458 0.532206 10.402901 4.336846 7.947258 38.284661 2.195991 11.518390 1.138625 11.377664 67.876542 1.068645 56.918790 11.571491 2.103382 11.894603 15.062970 1.364182 8.263938 8.666122 3.104898 32.264554 0.071088 6.324584 4.782512 0.204476 0.611330 1.982879 1.354845 5.386510 8.958123 5.180615 2.261568 1.237719 3.085090 3.702047 0.329742 5.647833 1.275122 2.904400 21.391413 4.423518 
9.267507 0.644333 7.817678 18.326400 1.557108 2.796178 0.051354 4.790012 0.174994 2.410814 0.347984 59.726284 108.804049 0.188653 17.982190 14.685052 1.651872 9.617277 2.289417 0.960783 1.918001 
0.184228 2.422328 148.318246 7.619602 1.618436 81.496785 2.441152 56.587389 21.171443 1.589260 15.400099 2.537534 11.682745 9.215947 
2.178938 1.332657 1.639722 0.199948 8.621732 3.511207 52.143020 93.686685 1.034159 6.286236 11.522745 200.855159 5.784885 23.094924 11.302133 0.240849 8.302444 1.278747 1.287407 5.805722 3.552976 0.729854 1.129166 0.174028 1.336577 6.177259 9.992050 3.272204 2.984925 8.841558 6.701253 6.273891 19.077436 1.763063 23.551303 3.888309 1.883403 5.364940 13.961070 
3.729289 5.630208 2.211630 0.078630 13.847742 7.567792 7.027643 1.553198 13.807584 4.197646 6.531813 19.365517 9.362109 3.571089 93.765076 9.580473 5.539672 11.287447 13.099720 
22.728259 16.861898 3.272733 18.441332 281.121630 2.680161 11.075938 7.429934 14.073597 8.356216 3.233770 21.437649 3.104583 0.891807 1.265068 0.727631 1.025987 3.661132 4.565997 9.368540 
14.227820 92.062363 1.383496 2.592403 4.037168 4.796767 7.621481 427.383322 41.102096 3.296485 6.144301 14.476328 15.402274 24.433168 20.495317 4.010307 1.807484 9.013701 2.709294 
4.109778 4.432583 3.822396 8.441655 11.592449 5.254135 7.541689 10.981061 8.693553 13.020799 11.573351 3.824271 1.064644 16.453051 6.532321 17.618273 3.967908 2.603580 8.927383 
0.449870 0.684416 8.715517 1.715924 11.102672 3.456442 1.991872 9.597356 1.344017 0.394192 7.048925 8.747251 2.567296 7.999224 58.122625 14.448811 0.858205 1.507830 11.089806 34.438203 3.883020 22.626982 6.870605 48.453992 0.236947 27.063310 6.866858 2.371852 7.106692 
0.374825 7.231542 0.390752 24.941940 14.609668 4.155420 11.254645 8.538597 6.349364 1.891881 20.855654 3.572626 6.666846 4.807894 0.969257 8.096464 4.615563 1.596620 4.751051 10.308071 6.180865 
4.353119 2.166717 22.842041 7.346845 0.795626 4.985145 2.683324 11.073742 0.923860 17.434374 6.323557 5.124224 21.640845 6.902624 16.225647 1.487162 4.983222 0.862705 9.532119 5.633333 25.706645 1.385077 4.285210 1.217534 7.446348 2.562989 2.052402 4.662194 4.334485 
3.618814 1.021583 9.409484 4.993424 54.150096 4.620893 1.892699 
30.746036 2.875394 7.295851 1.112799 3.343901 3.207997 2.466877 
1.723312 0.652504 5.324027 4.436779 13.982541 8.049033 7.011485 17.381143 6.532925 13.843323 2.812851 0.658165 0.614631 18.753648 0.825811 0.151443 5.091127 5.195976 
2.235901 26.772506 4.976728 0.237257 2.448647 22.234064 0.322339 0.170270 1.075813 14.645808 8.118861 39.270130 0.819988 2.376188 0.066576 2.270950 20.357537 33.996043 0.815196 12.239174 3.214335 0.342702 0.107139 106.656204 0.569968 2.956245 
5.149895 12.979121 13.423644 6.370063 5.130386 4.878932 9.456167 14.144245 2.162033 4.768263 0.268446 10.287648 21.441264 26.570543 2.747348 1.212122 14.281708 
10.423242 37.290911 8.682513 8.910580 5.693843 7.039030 17.341614 0.468526 1.372732 2.648909 7.292187 12.415071 2.923376 4.538280 4.630203 0.342775 28.743231 3.097325 8.549368 9.695489 10.834781 0.377968 0.868819 6.962522 2.135365 3.596874 15.673608 12.488814 13.567867 2.645908 26.232866 1.445948 5.646615 9.187367 6.952654 16.143637 11.478589 4.721402 
1.025840 1.970122 11.663568 64.661878 3.988250 1.594845 10.378870 29.732102 11.406556 3.143243 6.869312 3.070252 15.164855 27.102819 13.792476 3.945532 9.042227 4.824938 8.603418 3.757659 0.765475 0.477611 1.616645 0.085240 1.868259 18.460118 0.536996 8.186036 0.584855 24.326261 4.687571 5.568162 2.559642 0.724164 
18.922942 23.269196 1.514863 2.406440 3.153493 1.685400 5.438396 1.467032 13.191878 19.545703 1.214971 0.743839 22.270691 0.418757 13.708869 145.551431 13.708704 3.224419 16.406899 5.308719 22.237422 28.615718 
2.612696 10.558976 2.503225 0.643766 3.079818 2.551494 5.710874 10.605072 4.437310 7.245232 13.713187 3.086069 5.579886 1.302231 31.027862 1.662170 3.950273 21.147978 56.537299 37.274217 1.859932 
12.429031 25.912080 4.632529 28.224284 0.740774 2.762193 12.798902 2.395456 5.275364 6.532819 7.087214 11.895982 
2.702738 2.467714 10.103220 11.100259 105.226255 18.340613 8.385305 1.387721 1.775069 0.041158 8.847306 4.126096 21.692598 0.771528 2.031991 0.194422 25.710866 10.470406 1.723421 29.432430 17.715643 6.929601 
0.293355 0.445848 0.097329 0.136332 0.853149 93.273958 10.176813 0.723367 0.723776 3.375126 21.906157 197.412390 0.421673 3.368303 8.585809 0.448195 0.414039 12.216655 17.611063 0.064292 
5.455401 28.739708 0.214552 0.186712 6.124799 1.531328 1.429647 6.127622 3.472483 1.620940 0.775786 9.018071 
1.270640 15.868716 1.274593 3.832676 8.683160 1.418047 6.082804 8.717819 6.104370 1.737235 10.432027 4.029594 13.385681 72.704966 6.408233 2.964354 
7.204909 32.779577 24.743262 1.068878 0.090211 14.749760 0.054281 4.300559 0.273341 0.798124 0.210330 0.045442 2.481072 120.974864 1.974508 1.397482 16.027994 1.761402 72.590363 58.017525 7.111525 41.576915 2.757770 1.364908 13.063587 0.196325 1.002617 0.085346 1.364460 6.098970 16.135857 2.053563 16.613087 4.996818 5.780062 
0.367905 15.140279 0.507724 11.399822 0.276529 3.078976 0.262843 0.565671 12.841634 9.036799 0.754417 0.216303 11.993267 47.494012 1.033383 4.116210 9.464006 0.093897 0.515752 0.065645 10.580152 3.109719 0.641322 
88.165584 0.997689 2.347012 1.063282 2.731761 1.204465 18.188702 115.494343 16.790851 11.872724 8.512892 51.807201 23.143391 1.293140 0.337152 1.878774 4.802845 
0.186384 9.382529 0.465594 1.613888 1.799040 0.917955 21.340076 14.811123 34.249355 72.815135 5.423221 11.606702 153.788294 1.385688 18.753910 2.922534 0.661078 0.246843 8.678723 16.363558 10.497797 0.520044 7.937094 15.691383 15.197370 0.587115 5.546417 3.231486 2.588505 22.342803 1.861144 2.244118 2.050186 0.421638 3.190158 18.465993 5.296087 
7.297969 0.198640 5.009231 6.697109 11.983637 3.509479 4.457538 3.268312 8.426355 2.338310 9.687346 15.884875 2.187619 5.369625 6.595702 0.985838 2.059916 
3.544857 1.496821 5.984440 0.278976 70.854311 66.456911 2.568738 65.089565 9.264913 4.999086 0.124988 4.065491 2.193786 0.107217 2.363784 5.404033 
4.165011 19.441763 7.237976 11.126476 8.218257 47.104791 1.132533 1.411978 0.572232 2.732791 5.662652 0.190589 10.658064 5.664082 9.792219 12.037720 3.548715 9.384006 3.938212 37.206608 30.733272 
3.769939 17.166252 43.647390 1.364633 1.088083 3.915977 1.888969 0.946337 1.616749 19.947454 1.701433 9.333144 0.285563 0.462668 2.695118 1.560969 0.696103 0.500608 13.643462 0.601843 
6.660972 0.854768 3.994830 16.884357 0.717032 14.769550 541.489090 5.680065 62.663525 0.233235 1.311624 133.805214 17.793207 4.338158 28.217941 2.334597 8.140053 0.732941 9.881281 6.124288 3.622937 9.693737 6.831256 1.482713 32.151088 18.150904 2.781583 54.704775 12.124971 177.441787 13.217559 8.091363 1.905803 12.845934 23.363195 2.340658 16.393886 21.661934 2.602291 5.514325 
1.602979 16.213195 224.993510 1.445663 2.282993 2.363995 5.609244 71.852608 3.805572 8.575504 12.848419 16.674892 2.837527 6.688868 1.067599 13.662116 3.786949 2.217973 5.590657 
14.334831 7.795777 49.131942 13.304442 2.024139 3.111322 2.958276 11.160447 4.116903 8.491871 8.780896 5.713316 37.617966 4.898883 0.249459 94.627496 3.041775 67.564743 17.167148 18.805527 4.722376 2.286298 8.553352 3.775821 29.253735 2.312981 
0.858681 7.615596 6.027457 17.216304 1.267793 1.560195 15.012584 13.731735 2.513721 19.578580 8.807122 14.713457 11.683607 3.046787 14.100514 20.619287 19.046133 5.091011 2.221777 2.787962 2.771422 27.893667 7.224670 10.192864 
20.988659 1.108176 0.363460 1.624081 15.678418 5.119178 3.671876 27.436767 3.102628 7.935940 10.547349 0.113380 2.487363 8.443124 2.899671 3.927205 0.583015 2.901377 7.612640 4.663954 3.479877 7.718953 
4.244601 2.159060 3.519788 21.547257 14.212567 2.791759 226.620762 2.064928 24.692204 18.718286 2.736831 4.115135 17.193913 34.025589 5.418273 0.462473 22.426776 6.332413 14.638093 40.432184 18.235769 39.485830 1.245626 5.293394 3.029486 5.097285 20.971439 8.056738 
44.856081 7.032725 18.323169 25.077833 9.639033 2.102810 9.534431 2.468441 5.393006 0.304949 4.076200 4.026764 5.670061 2.600267 12.598401 2.864164 8.962763 12.646053 9.104424 2.226817 11.119222 5.505441 2.184122 20.736243 4.430707 5.650105 5.622326 37.931811 1.939673 47.144728 24.921547 6.142467 3.029251 11.100306 
10.148570 17.079979 5.228697 15.703434 1.541719 1.148323 0.196537 5.237167 23.061668 19.808661 2.993615 2.622661 0.703537 1.672253 1.250955 44.666494 4.192035 7.866679 4.021607 6.797478 
0.541531 6.842820 33.539516 4.858037 1.149565 3.831374 0.067754 18.679792 0.076405 3.026230 0.534612 4.450070 70.679238 11.414782 0.636937 29.635794 0.094224 
2.268115 6.583803 5.820871 1.216061 14.795761 0.693153 4.789526 6.910404 8.304141 57.295605 0.841636 31.151625 1.502803 0.391073 1.739443 4.095006 2.017561 1.561717 0.672698 0.997197 1.519026 
6.769033 12.322621 1.318416 1.423769 1.688317 49.693232 51.661856 42.524881 1.549789 1.100765 0.438512 18.572506 31.044643 47.690039 12.652282 2.906507 1.989016 12.284332 10.197013 12.444160 2.358206 4.953775 6.239348 4.314779 3.350982 1.469365 0.357765 2.210524 11.315045 7.211786 17.770341 
1.257900 5.978549 1.646048 4.450247 33.823330 16.083118 11.495251 19.246897 25.506706 5.092969 5.766915 21.806074 8.106784 3.980727 7.893415 0.765212 3.220537 2.364686 31.073400 4.206617 3.687654 13.294363 0.211049 7.797877 2.217564 3.262030 8.334358 21.955825 1.457576 26.673570 6.422284 3.471092 
25.611111 7.306109 0.593120 1.876142 74.993274 9.578205 4.025506 1.525980 2.672699 12.583826 12.381190 1.356372 12.660498 0.955029 2.587872 3.165981 
0.675493 8.666353 12.880833 29.944346 4.747618 0.203741 481.420556 3.104728 1.474811 7.221323 8.582878 41.582674 89.168369 18.615211 31.831054 83.559769 7.131933 3.043923 3.346614 22.959854 20.528380 253.458989 
1.118080 6.257340 20.280476 1.497911 51.634418 63.744588 1.258665 11.756417 36.901302 1.147791 57.648353 3.851093 76.138492 20.239622 2.018443 0.907967 32.611797 4.291677 2.081908 6.266538 0.916189 10.912771 12.522771 3.087510 3.819191 0.387452 1.316389 37.297349 
0.067213 3.789536 12.877936 13.970156 5.573504 12.398972 0.864152 30.864685 12.230667 0.729411 1.148540 5.471949 3.508307 190.266491 0.463545 180.614395 3.158057 10.008746 
12.734899 0.476947 0.230427 0.245179 100.470823 28.730420 2.510342 4.335928 15.623792 14.612901 4.891214 48.738503 3.590725 1.586329 41.500528 20.049700 0.245884 1.303018 0.139512 0.188967 0.207755 88.174542 3.574864 2.339869 3.656102 12.714583 12.981821 0.573151 4.469354 5.782233 20.299119 7.223405 9.378435 6.364251 10.509758 
32.740804 0.236081 12.509291 0.502375 1.726319 40.222141 1.802426 0.127924 14.598852 2.299825 3.055724 85.529856 5.222520 3.924606 37.101656 34.975991 0.638910 5.908024 0.402147 18.666204 7.721990 8.399881 5.460412 2.131428 2.761297 0.562616 0.061103 15.347231 0.058988 0.216437 1.321432 15.947515 0.440195 0.576947 25.892663 2.345178 1.421257 92.247054 
67.101952 0.085488 0.446413 0.181964 4.162655 0.508317 7.505632 0.572977 6.789069 8.326983 4.265511 21.621654 1.234016 4.382328 3.175598 1.706460 8.418764 0.289227 0.946007 8.679273 35.229890 0.450859 0.142395 1.276117 12.953669 61.585540 32.938264 4.431840 0.148856 11.246868 1.776250 4.282726 9.357790 11.245775 
27.521057 5.067269 1.509590 5.614504 3.639918 4.460912 5.002105 1.064603 2.081336 14.981904 10.150822 7.879393 2.904305 10.088667 
7.027269 15.343608 10.153287 3.710259 14.372131 3.222315 3.162345 0.292549 0.323754 8.390356 113.665365 4.025624 1.945285 12.606019 
231.211031 10.845335 1.751509 1.364944 2.138940 27.424994 3.582901 91.033039 2.384941 4.578762 14.289463 5.807300 9.410706 11.098405 10.069112 4.317959 4.805763 
9.129441 1.528971 1.792882 5.861660 19.023082 84.393926 1.709679 1.867371 65.422437 11.429757 3.635113 15.562813 4.358772 1.374687 5.306904 3.532022 5.482236 
12.349323 0.845080 4.460295 9.858581 2.823908 1.524752 66.467179 8.646362 3.512104 1.762385 0.319315 10.058710 1.784124 52.737796 0.102534 5.785965 0.178522 29.490209 5.616445 14.274903 5.813667 4.525527 3.313433 0.367428 
2.152291 9.710841 0.574738 8.124500 4.895792 19.901410 2.676345 34.165817 25.075597 5.531923 0.254745 0.791368 5.675201 18.814318 1.559258 10.358896 3.916561 
0.917308 0.714254 8.347562 4.710753 7.995719 6.682108 1.121134 4.887020 1.884730 2.323978 1.159284 3.260224 0.989203 4.559819 1.509612 9.896324 0.760892 21.359046 3.485455 3.891072 11.929100 5.846837 12.340401 51.879786 49.828693 4.814038 4.124714 13.899337 4.563291 6.719820 9.330608 4.732345 0.510583 10.404666 3.867965 4.054533 0.688293 4.105943 3.970151 0.671304 5.691523 1.972632 0.779448 1.835410 10.320058 
3.417449 47.006844 169.265807 3.303401 0.847500 114.395360 1.244532 0.596060 13.030064 3.841977 6.770263 12.196578 1.325997 1.118425 9.439260 8.814829 2.373797 0.897567 32.346984 16.727453 4.265675 
2.792364 4.817802 61.920240 1.190600 28.441686 33.593123 11.588488 1.610304 6.253961 2.644420 
1.187056 2.163276 0.387287 1.488210 0.484377 5.793380 3.918275 19.054983 11.104901 5.469214 0.951004 10.618378 8.332918 6.086916 1.159003 0.672153 0.617924 5.882139 13.423445 11.347175 
