 0.579831  0.384152
 0.980181  0.427335
 0.822336  1.150551
 0.330205  0.576626
 0.191364  1.534932
-0.065578  1.047932
 0.047604  0.892525
-0.005228  3.249727
 0.135176  1.357388
 0.451019  0.410784
 0.548232  0.422087
 0.837872  0.706433
 0.889166  0.310694
 0.714863  0.439941
 0.749373  0.412941
 0.841170  0.425042
 0.430163  0.589394
 0.610615  0.365185
 0.197740  1.197457
 0.437299  0.342899
 0.715744  0.974704
 1.298078  0.998685
 1.351467  1.143830
 1.115860  0.297658
 1.379978  1.012303
 0.430083  0.455914
 0.927746  0.452045
 0.714839  0.454316
 0.442828  0.456784
 0.721282  0.290242
 1.069873  0.618648
 0.836503  0.655141
 0.871918  0.462468
 0.846241  0.550522
 0.987233  0.834724
 0.887689  0.343716
 0.991671  0.386029
 0.911792  1.281133
 0.694792  0.434582
 0.643910  0.910541
 1.190399  0.998838
 0.720649  0.831916
 0.702792  0.419152
 0.871078  0.391603
 0.935987  0.476002
 1.012061  0.156075
 0.916834  0.499575
 0.648726  0.296939
 0.684271  0.254667
 0.947343  0.605618
 1.110238  3.595576
 0.445921  0.357096
 0.538824  0.716043
 0.637823  0.259009
 0.690801  0.185963
 0.587918  0.347423
 0.808215  0.374134
 1.003602  0.526744
 1.044840  0.341921
 0.401436  0.994388
 0.319883  2.223322
 0.155981  1.425676
 0.440369  0.320308
 0.362328  0.880133
 0.193656  0.736273
 0.438401  0.699259
 0.547996  0.596743
 0.595383  0.199808
 0.393963  0.791799
 0.438678  0.420734
 0.461427  0.375442
 0.763613  0.550042
 0.764060  0.379353
 0.724228  0.526372
 0.687516  0.215479
 0.706055  0.348502
 1.021361  0.320774
 0.819177  0.321646
 0.629704  0.530545
 0.363379  0.999969
 0.579057  0.431960
 0.687363  0.706145
 0.891268  0.297088
 0.855624  0.474201
 1.276336  0.691976
 0.815193  0.345618
 0.731874  0.771068
 0.574184  0.799111
 0.504832  0.791923
 0.364308  0.584161
 0.600340  0.359994
 1.174600  0.876714
 1.056687  0.482889
 0.820155  0.346937
 0.860694  0.505794
 0.950540  0.400712
 0.579497  0.311706
 0.461228  0.588946
 1.076225  0.358224
 0.738224  0.546360
